[0;34;40m                                                      .[0;31;40m     [0;34;40m                                                            [0m
[0;34;40m                                                     [0;31;40m:[0;1;30;90;40mX[0;31;40m.[0;34;40m.[0;32;40m    [0;34;40m                                                           [0m
[0;34;40m                                                    :[0;36;5;40;100mt[0;35;5;40;100m@[0;32;40m.     [0;34;40m                                                           [0m
[0;34;40m                                         [0;31;40m.[0;34;40m:[0;31;40m;[0;34;40m:[0;32;40m.[0;31;40m     .[0;30;5;40;100m8[0;35;5;40;100m;[0;36;5;40;100m@[0;31;40m.  [0;32;40m   [0;34;40m      .[0;31;40m;[0;34;40m:[0;32;40m.[0;31;40m    [0;34;40m                                             [0m
[0;34;40m                                         [0;31;40m.;[0;1;30;90;40m8[0;30;5;40;100m8[0;1;30;90;40m88@[0;34;40mt[0;31;40mt[0;34;40mt[0;1;30;90;40mX[0;35;5;40;100m::[0;34;5;40;100mS[0;31;40m;[0;34;40m%[0;1;30;90;40mXS[0;34;40m;[0;31;40m;[0;32;40m.[0;34;40m    [0;1;30;90;40mS[0;35;5;40;100m%[0;30;5;40;100m@[0;32;40m:[0;34;40m.[0;31;40m    [0;34;40m                [0;31;40m.[0;34;40m                            [0m
[0;34;40m                                         .[0;32;40m.[0;31;40m.t[0;1;30;90;40m8[0;34;5;40;100mS[0;35;5;40;100m;[0;36;5;40;100m .;[0;35;5;40;100m%[0;36;5;40;100m%[0;35;5;40;100m;[0;36;5;40;100m.[0;35;5;40;100m:[0;36;5;40;100m.[0;35;5;40;100m:.[0;36;5;40;100m.t[0;34;5;40;100m8[0;1;30;90;40mS[0;34;40mt[0;1;30;90;40mS[0;34;5;40;100m8[0;36;5;40;100m;;[0;1;30;90;40m@[0;34;40m:[0;31;40m.    [0;34;40m               [0;31;40mt[0;1;30;90;40m8[0;34;40m:[0;31;40m.[0;32;40m    [0;34;40m                      [0m
[0;34;40m                                        [0;31;40m.:[0;34;40m;[0;1;30;90;40m@[0;30;5;40;100m@[0;34;5;40;100mS[0;30;5;40;100mX[0;36;5;40;100mX[0;35;5;40;100m%[0;36;5;40;100mt[0;35;5;40;100m;[0;36;5;40;100m%[0;35;5;40;100m;[0;36;5;40;100mt:;[0;35;5;40;100m;[0;36;5;40;100mt:[0;35;5;40;100m;[0;36;5;40;100m;[0;35;5;40;100m;[0;36;5;40;100m::[0;35;5;40;100mt[0;36;5;40;100mt[0;35;5;40;100m%[0;36;5;40;100mt[0;34;5;40;100m8[0;31;40m;[0;34;40m:[0;31;40m:[0;32;40m.[0;34;40m                :[0;30;5;40;100m8[0;35;5;40;100m [0;1;30;90;40mX[0;31;40m   [0;34;40m                        [0m
[0;34;40m                                     [0;31;40m.[0;34;40m:[0;1;30;90;40m@[0;34;5;40;100mS[0;33;5;40;100m.[0;35;5;40;100m [0;37;5;40;100m8@[0;35;5;40;100m .t[0;36;5;40;100mX[0;35;5;40;100mt[0;36;5;40;100mS[0;35;5;40;100mt[0;36;5;40;100m%[0;35;5;40;100m;[0;36;5;40;100m;[0;35;5;40;100m;[0;1;30;90;46m8[0;1;30;90;45m8[0;1;30;90;46m8[0;35;5;40;100mt[0;36;5;40;100mt[0;35;5;40;100m;[0;36;5;40;100mt[0;35;5;40;100m;[0;36;5;40;100m%[0;35;5;40;100mt[0;36;5;40;100mS[0;35;5;40;100m@[0;34;5;40;100mS[0;30;5;40;100mS@8[0;34;40mt[0;31;40m;[0;32;40m.[0;34;40m             [0;31;40m ;[0;35;5;40;100m;[0;37;5;40;100m8[0;35;5;40;100m8[0;32;40m. [0;31;40m..[0;34;40m.[0;32;40m     [0;34;40m                 [0m
[0;34;40m                                  [0;31;40m:[0;34;40mt[0;1;30;90;40m8[0;30;5;40;100m@[0;35;5;40;100m [0;1;30;90;47m8[0;37;5;40;100mS[0;1;30;90;47m8[0;37;5;40;100mX[0;35;5;40;100m [0;37;5;40;100mXS[0;35;5;40;100m.[0;36;5;40;100mt[0;35;5;40;100mt[0;36;5;40;100m%[0;35;5;40;100mt[0;1;30;90;46m8[0;1;30;90;45m8[0;1;30;90;46m8[0;1;30;90;45m8[0;1;30;90;46m8[0;1;30;90;45m8[0;1;30;90;46m8[0;35;5;40;100m;[0;36;5;40;100m.;;[0;35;5;40;100mt[0;1;30;90;46m8[0;35;5;40;100mS[0;36;5;40;100m@[0;34;5;40;100m@[0;36;5;40;100m@[0;34;5;40;100m@S[0;30;5;40;100m@[0;34;5;40;100m@[0;30;5;40;100m8[0;1;30;90;40mX[0;34;40m:[0;31;40m.[0;34;40m.[0;32;40m     [0;34;40m    .[0;31;40mt[0;30;5;40;100m8[0;36;5;40;100mt[0;37;5;40;100mXS[0;36;5;40;100m;[0;1;30;90;40m@8[0;30;5;40;100m@[0;31;40mt[0;34;40m:[0;32;40m.[0;31;40m    [0;34;40m                 [0m
[0;34;40m                               [0;31;40m.[0;34;40mt[0;30;5;40;100m8[0;35;5;40;100m;[0;36;5;40;100m  [0;1;30;90;47m88[0;35;5;40;100m [0;1;30;90;47m8[0;35;5;40;100m [0;1;30;90;47m8[0;37;5;40;100m%[0;35;5;40;100m:  [0;36;5;40;100m:;[0;1;30;90;45m8[0;1;30;90;46m8[0;1;30;90;45m8[0;1;30;90;46m8[0;35;5;40;100m [0;36;5;40;100m [0;37;5;40;100m.[0;1;30;90;46m8[0;1;30;90;45m8[0;36;5;40;100m.[0;1;30;90;46m8[0;1;30;90;45m8[0;1;30;90;46m8[0;1;30;90;45m8[0;36;5;40;100mt%[0;35;5;40;100mS[0;36;5;40;100mS[0;35;5;40;100mX[0;36;5;40;100m@[0;34;5;40;100mSX[0;30;5;40;100m8[0;34;5;40;100m@[0;30;5;40;100m88[0;1;30;90;40m@[0;31;40m%[0;34;40m;[0;32;40m.[0;31;40m     :[0;34;40mt[0;30;5;40;100mS[0;36;5;40;100m [0;1;30;90;47m8[0;37;5;40;100mX[0;1;30;90;47m88[0;35;5;40;100mtS;[0;36;5;40;100m;[0;1;30;90;40mX[0;34;40m.[0;31;40m.[0;32;40m   [0;34;40m       .[0;31;40m;[0;34;40m;[0;31;40m:[0;32;40m.[0;34;40m      [0m
[0;34;40m                            .[0;1;30;90;40m8[0;34;5;40;100mS[0;33;5;40;100m.[0;35;5;40;100m [0;37;5;40;100mS[0;1;30;90;47m88[0;37;5;40;100mS[0;1;30;90;47m8[0;37;5;40;100mt[0;1;30;90;47m888[0;37;5;40;100m;[0;35;47m8[0;1;30;90;46m8[0;37;45m8[0;1;30;90;46m8[0;1;30;90;45m8[0;1;30;90;46m8[0;36;5;40;100m  [0;37;46m8[0;1;30;90;45m8[0;1;30;90;46m8[0;37;45m8[0;1;30;90;46m8[0;1;30;90;45m8[0;37;46m8[0;1;30;90;45m8[0;36;5;40;100m:[0;1;30;90;46m8[0;1;30;90;45m8[0;1;30;90;46m8[0;1;30;90;45m8[0;1;30;90;46m8[0;35;5;40;100mt[0;36;5;40;100mXS[0;35;5;40;100m@[0;36;5;40;100mX[0;34;5;40;100mS[0;30;5;40;100m@@[0;34;5;40;100mX[0;30;5;40;100m@8[0;34;40mt[0;31;40mt[0;32;40m:[0;31;40mt[0;1;30;90;40m8X8[0;30;5;40;100m8[0;35;5;40;100mS[0;36;5;40;100m;[0;35;5;40;100mt[0;36;5;40;100m:[0;35;5;40;100m;[0;36;5;40;100m.[0;35;5;40;100m.[0;36;5;40;100m :t[0;35;5;40;100mt[0;36;5;40;100mt[0;34;5;40;100m8[0;31;40m:;[0;32;40m:[0;34;40m.[0;31;40m..[0;34;40m.[0;31;40m.[0;34;40m.[0;31;40m;[0;34;40m%[0;1;30;90;40m8[0;30;5;40;100m8[0;34;5;40;100m@[0;1;30;90;40m8[0;31;40m.[0;32;40m [0;34;40m      [0m
[0;34;40m                           [0;31;40m .t[0;36;5;40;100m.[0;37;5;40;100m@[0;1;30;90;47m88[0;35;5;40;100m [0;1;30;90;47m8[0;37;5;40;100mt;[0;1;30;90;47m8[0;36;5;40;100m;[0;1;30;90;47m8[0;1;30;90;45m8[0;37;46m8[0;35;5;40;100m%[0;36;5;40;100m:;[0;1;30;90;45m8[0;1;30;90;46m8[0;37;45m8[0;1;30;90;46m8[0;1;30;90;45m8[0;36;5;40;100m;.[0;35;5;40;100m.[0;1;30;90;46m8[0;1;30;90;45m8[0;36;5;40;100m:.[0;1;30;90;46m8[0;1;30;90;45m8[0;1;30;90;47m8[0;36;5;40;100mt[0;35;5;40;100m:[0;1;30;90;46m8[0;1;30;90;45m8[0;1;30;90;46m8[0;34;45m8[0;36;5;40;100m@[0;34;5;40;100m8X@[0;30;5;40;100m@[0;34;5;40;100m8[0;30;5;40;100m88[0;31;40m%[0;1;30;90;40m8[0;31;5;40;100mX[0;36;5;40;100mt:;[0;35;5;40;100m:[0;36;5;40;100mt[0;35;5;40;100m;[0;36;5;40;100m%[0;35;5;40;100m%[0;36;5;40;100m%[0;35;5;40;100m;[0;36;5;40;100mt[0;35;5;40;100m;[0;1;30;90;46m8[0;1;30;90;45m8[0;1;30;90;46m8[0;35;5;40;100m;[0;36;5;40;100mt[0;35;5;40;100m%[0;36;5;40;100m%[0;35;5;40;100mX[0;34;5;40;100mX[0;30;5;40;100m8[0;1;30;90;40m8@8@8[0;34;5;40;100m8[0;30;5;40;100m@[0;36;5;40;100m@[0;30;5;40;100m8@8[0;31;40m;[0;34;40m:[0;32;40m.[0;31;40m  [0;34;40m    [0m
[0;34;40m                          [0;31;40m [0;32;40m .[0;34;40m:;[0;35;5;40;100m8 [0;1;30;90;47m88[0;36;5;40;100m:;.[0;36;47m8[0;35;47m8[0;37;46m8[0;1;30;90;47m8[0;35;5;40;100m.[0;1;30;90;46m8[0;1;30;90;45m8[0;1;30;90;46m8[0;37;5;40;100m:[0;36;5;40;100m.[0;1;30;90;46m8[0;1;30;90;45m8[0;1;30;90;46m8[0;35;5;40;100m.[0;1;34;94;46m8[0;35;5;40;100m .[0;1;30;90;46m8[0;1;30;90;45m8[0;37;5;40;100mt[0;35;5;40;100m.[0;1;30;90;46m8[0;1;30;90;45m8[0;1;30;90;46m8[0;1;30;90;45m8[0;36;5;40;100m;%[0;35;5;40;100m@[0;36;5;40;100m8[0;34;5;40;100m8[0;35;5;40;100m%[0;36;5;40;100m8[0;30;5;40;100mS[0;34;5;40;100mS[0;30;5;40;100mX[0;34;5;40;100m@[0;30;5;40;100m@8@8[0;34;5;40;100mS[0;35;5;40;100m;[0;36;5;40;100mSt[0;35;5;40;100mt[0;36;5;40;100m%[0;35;5;40;100mt[0;36;5;40;100m%[0;35;5;40;100mt[0;36;5;40;100m%[0;35;5;40;100mt[0;1;30;90;46m8[0;1;30;90;45m8[0;1;30;90;46m8[0;1;30;90;45m8[0;1;30;90;46m8[0;1;30;90;45m8[0;1;30;90;46m8[0;35;5;40;100mX[0;34;5;40;100mX[0;30;5;40;100m8X[0;34;5;40;100mS[0;30;5;40;100m8[0;31;5;40;100mS[0;34;5;40;100m8[0;30;5;40;100m8[0;34;5;40;100mS[0;30;5;40;100mX8[0;34;5;40;100m@[0;30;5;40;100mX[0;1;30;90;40m@[0;34;40m.[0;32;40m.[0;31;40m     [0;34;40m  [0m
[0;34;40m                          [0;32;40m [0;34;40m  [0;32;40m  [0;34;40m.8[0;35;5;40;100m [0;1;30;90;47m8[0;35;47m8[0;1;34;94;46m8[0;1;30;90;47m8[0;1;30;90;45m8[0;36;47m8[0;1;30;90;45m8[0;36;47m8[0;37;45m8[0;1;30;90;46m8[0;35;5;40;100m;[0;1;30;90;45m8[0;1;30;90;46m8[0;1;30;90;45m8[0;1;30;90;46m8[0;37;5;40;100m;[0;35;5;40;100m.[0;1;30;90;47m8[0;1;30;90;45m8[0;36;5;40;100m.[0;35;47m8[0;1;30;90;46m8[0;35;5;40;100m [0;36;5;44;104mX[0;1;30;90;47m8[0;35;5;40;100mt[0;1;30;90;46m8[0;1;30;90;45m8[0;1;30;90;46m8[0;35;5;40;100m@[0;36;5;40;100m@[0;34;5;40;100m8[0;35;5;40;100mX[0;36;5;40;100m8[0;34;5;40;100m@SX[0;30;5;40;100m@[0;34;5;40;100mS[0;30;5;40;100mX[0;34;5;40;100m8[0;30;5;40;100m888[0;35;5;40;100mS[0;36;5;40;100mX[0;35;5;40;100mt[0;36;5;40;100mX[0;35;5;40;100mt[0;36;5;40;100m%[0;35;5;40;100mt[0;36;5;40;100m%[0;35;5;40;100m;[0;1;30;90;46m8[0;1;30;90;45m8[0;36;5;40;100m:.[0;37;5;40;100m.[0;36;5;40;100m. [0;1;30;90;46m8[0;1;30;90;45m8[0;34;5;40;100m8X[0;30;5;40;100m@[0;34;5;40;100m@[0;30;5;40;100m8[0;34;5;40;100mS[0;30;5;40;100m8X[0;34;5;40;100m@[0;30;5;40;100m8[0;34;5;40;100mX[0;30;5;40;100mXX[0;1;30;90;40m8[0;34;40m:[0;31;40m.      [0;34;40m  [0m
[0;34;40m                            .[0;31;40m.[0;32;40m.[0;31;40m:[0;1;30;90;40mX[0;34;5;40;100m@[0;36;5;40;100m [0;1;30;90;47m88[0;35;5;40;100m;[0;1;30;90;46m8[0;1;30;90;47m88[0;36;5;40;100mtt[0;1;30;90;45m8[0;1;30;90;46m8[0;1;30;90;47m8[0;1;30;90;46m8[0;35;5;40;100m.[0;1;30;90;45m8[0;1;30;90;46m8[0;1;30;90;45m8[0;1;30;90;46m8[0;36;5;40;100m.[0;1;30;90;46m8[0;1;30;90;45m8[0;36;5;40;100m:[0;37;5;40;100m:[0;35;5;40;100m [0;36;5;40;100mt[0;35;5;40;100m%[0;36;5;40;100mt%[0;35;5;40;100m8[0;34;5;40;100m8[0;35;5;40;100m8[0;36;5;40;100m8[0;34;5;40;100m8[0;35;5;40;100m@[0;34;5;40;100mX[0;30;5;40;100mS[0;35;5;40;100m%[0;34;5;40;100m8[0;30;5;40;100m8S[0;34;5;40;100m@[0;1;30;90;40m8[0;34;5;40;100m8[0;35;5;40;100mt[0;36;5;40;100m%[0;35;5;40;100mt[0;1;30;90;46m8[0;35;5;40;100mS[0;36;5;40;100m%[0;35;5;40;100mt[0;1;30;90;46m8[0;1;30;90;45m8[0;1;30;90;46m8[0;1;30;90;45m8[0;1;30;90;46m8[0;1;30;90;45m8[0;1;30;90;46m8[0;1;30;90;45m8[0;37;46m8[0;1;30;90;45m8[0;36;5;40;100mt@[0;34;5;40;100m@SX[0;30;5;40;100mX[0;34;5;40;100mX[0;30;5;40;100m@[0;34;5;40;100m@[0;30;5;40;100m@[0;34;5;40;100m@[0;30;5;40;100m@[0;34;5;40;100mX[0;30;5;40;100mX[0;1;30;90;40m@[0;34;40mt[0;31;40m:[0;32;40m  [0;31;40m     [0;34;40m  [0m
[0;34;40m                          [0;31;40m.;[0;34;40mt[0;1;30;90;40mX[0;30;5;40;100m@[0;35;5;40;100mt[0;36;5;40;100mt[0;35;5;40;100m.[0;36;5;40;100m [0;35;5;40;100m %[0;1;30;90;44m8[0;35;5;40;100m [0;37;5;40;100m:[0;36;5;40;100m:[0;1;34;94;45m8[0;36;5;40;100m:[0;1;30;90;46m8[0;1;30;90;45m8[0;36;5;40;100m;[0;1;30;90;45m8[0;1;30;90;46m8[0;1;30;90;47m8[0;1;30;90;46m8[0;35;5;40;100m;:::[0;36;5;40;100mS[0;1;30;90;45m8[0;1;30;90;46m8[0;1;30;90;45m8[0;1;30;90;46m8[0;34;5;40;100m@[0;35;5;40;100mX[0;34;5;40;100m@8[0;1;30;90;47mS[0;33;5;40;100m:[0;30;5;40;100m8[0;35;5;40;100m%[0;34;5;40;100mS[0;36;5;40;100mS[0;34;5;40;100mXX[0;32;5;40;100mS[0;1;30;90;40m8[0;30;5;40;100m@@[0;1;30;90;40m88[0;35;5;40;100mt;[0;36;5;40;100mt[0;35;5;40;100m%[0;1;30;90;46m8[0;1;30;90;45m8[0;1;30;90;46m8[0;1;30;90;45m8[0;1;30;90;46m8[0;1;30;90;45m8[0;1;30;90;46m8[0;35;5;40;100m [0;37;5;40;100m:[0;36;5;40;100m.[0;1;30;90;46m8[0;1;30;90;45m8[0;1;30;90;46m8[0;1;30;90;45m8[0;36;5;40;100m%[0;34;5;40;100mSS[0;30;5;40;100mX[0;34;5;40;100m@[0;30;5;40;100m8[0;34;5;40;100m8[0;30;5;40;100m@[0;34;5;40;100m@[0;30;5;40;100m@[0;34;5;40;100mX[0;30;5;40;100m88[0;34;40m;[0;31;40m.[0;32;40m.[0;34;40m  [0;31;40m     [0;34;40m  [0m
[0;34;40m                          .[0;31;40m;[0;1;30;90;40m8[0;31;5;40;100mS[0;36;5;40;100mX[0;35;5;40;100m%[0;36;5;40;100mt[0;35;5;40;100m:[0;36;5;40;100m.[0;34;5;40;100mX8[0;36;5;40;100m..[0;35;5;40;100m:[0;1;30;90;46m8[0;37;5;40;100mt[0;36;5;40;100m [0;37;5;40;100m:[0;1;30;90;46m8[0;1;30;90;45m8[0;37;46m8[0;1;30;90;45m8[0;36;44m8[0;1;30;90;45m8[0;36;5;40;100m:[0;35;5;40;100m.:[0;34;5;40;100m8[0;35;5;40;100m8[0;34;5;40;100m@[0;35;5;40;100m.[0;36;5;40;100m.[0;35;5;40;100m8[0;1;30;90;44m8[0;36;5;40;100m8[0;30;5;40;100mX[0;33;5;40;100m%[0;1;37;97;47m  [0;31;5;40;100m8[0;1;30;90;40m8[0;30;5;40;100m@[0;35;5;40;100m8[0;34;5;40;100mS%S@[0;30;5;40;100m8X[0;31;40m@[0;31;5;40;100m8[0;1;30;90;40m8[0;35;5;40;100m%[0;36;5;40;100m;[0;35;5;40;100mt[0;36;5;40;100mt[0;35;5;40;100m:.[0;36;5;40;100m:[0;35;5;40;100m [0;36;5;40;100m.[0;35;5;40;100m.[0;1;30;90;45m8[0;1;30;90;46m8[0;1;30;90;45m8[0;1;30;90;46m8[0;35;5;40;100m:.[0;1;30;90;46m8[0;35;5;40;100m8[0;34;5;40;100m8SXX[0;30;5;40;100m@[0;34;5;40;100m@[0;30;5;40;100mX[0;34;5;40;100mX[0;30;5;40;100mX[0;34;5;40;100m@[0;30;5;40;100m@8[0;34;40m%[0;31;40m:[0;32;40m.[0;34;40m.[0;31;40m      [0;34;40m  [0m
[0;34;40m                         [0;32;40m .[0;34;40m.[0;32;40m [0;34;40m :@[0;35;5;40;100m:[0;36;5;40;100m.[0;35;5;40;100m%[0;1;30;90;44m8[0;36;5;40;100m%[0;35;5;40;100mS[0;36;5;40;100m8[0;35;5;40;100mX:[0;36;5;40;100m:.[0;1;30;90;45m8[0;1;30;90;46m8[0;36;5;40;100m.[0;35;5;40;100m%[0;36;5;40;100m [0;35;5;40;100m%[0;36;5;40;100mt[0;35;5;40;100m;[0;34;5;40;100mX[0;35;5;40;100m@ [0;1;30;90;47mt8[0;35;5;40;100m8[0;34;5;40;100mS[0;36;5;40;100mX[0;35;5;40;100m:[0;31;40m8[0;35;5;40;100mX[0;1;30;90;47m;[0;1;37;97;47mt;.:[0;1;30;90;47m@[0;30;41m8[0;36;5;40;100m@[0;30;5;40;100m8[0;34;5;40;100m@[0;30;5;40;100mS@@8[0;1;30;90;41m88[0;30;5;40;100m8[0;35;5;40;100m%[0;1;30;90;46m8[0;1;30;90;45m8[0;1;30;90;46m8[0;1;30;90;45m8[0;36;5;40;100m:[0;35;5;40;100m [0;1;30;90;45m8[0;1;30;90;46m8[0;35;5;40;100m :[0;36;5;40;100m:[0;1;30;90;45m8[0;1;30;90;46m8[0;1;30;90;45m8[0;1;30;90;44m8[0;34;5;40;100mSX[0;30;5;40;100mX[0;34;5;40;100m@[0;30;5;40;100m@[0;34;5;40;100m@[0;30;5;40;100m@[0;34;5;40;100m@[0;30;5;40;100m@[0;34;5;40;100m@[0;30;5;40;100mX[0;34;5;40;100m8@[0;30;5;40;100mX8[0;34;40m%[0;31;40m;[0;34;40m.[0;32;40m [0;31;40m    [0;34;40m  [0m
[0;34;40m                        [0;32;40m [0;34;40m  [0;32;40m [0;34;40m  [0;31;40m:[0;34;5;40;100mX[0;35;5;40;100m.[0;36;5;40;100m:;[0;35;5;40;100m;[0;36;5;40;100m;[0;35;5;40;100m%[0;1;30;90;44m8[0;36;5;40;100m%::[0;1;30;90;46m8[0;35;5;40;100m [0;1;30;90;45m8[0;36;5;40;100m%[0;35;5;40;100m:[0;1;30;90;47m8[0;35;5;40;100mX[0;30;5;40;100m@[0;34;5;40;100m@[0;35;5;40;100mS[0;37;5;40;100m@[0;1;37;97;47m :;[0;37;5;40;100m@[0;30;41m8[0;33;5;40;100m [0;1;37;97;47mX[0;1;30;90;47m%[0;33;5;40;100m@[0;1;37;97;47m :t[0;37;5;47;107m8[0;1;37;97;47m:t[0;33;5;40;100mX[0;31;5;40;100m@[0;34;5;40;100m@[0;30;5;40;100m@8[0;34;5;40;100m8[0;31;5;40;100m8[0;30;5;40;100mX[0;31;5;40;100m8[0;1;30;90;41m8[0;31;5;40;100m8[0;35;5;40;100mt[0;36;5;40;100m%S[0;35;5;40;100m:[0;36;5;40;100mt[0;35;5;40;100m8[0;34;5;40;100m8[0;35;5;40;100m%X[0;34;5;40;100m@[0;35;5;40;100m@[0;34;5;40;100m@@[0;31;40m@[0;34;5;40;100m8[0;1;30;90;40m8[0;30;5;40;100m@@XX[0;34;5;40;100mX[0;30;5;40;100m@[0;34;5;40;100mX[0;1;30;90;40m8[0;36;5;40;100m8[0;1;30;90;40m8[0;34;5;40;100m@[0;30;5;40;100m8@[0;34;5;40;100m@[0;31;40mS[0;32;40mt[0;34;40m;[0;31;40m.[0;32;40m.[0;31;40m    [0;34;40m  [0m
[0;34;40m                           [0;32;40m [0;34;40m :[0;30;5;40;100m8[0;35;5;40;100m;[0;36;5;40;100m;[0;35;5;40;100m;[0;36;5;40;100m;[0;35;5;40;100mt[0;36;5;40;100m;%[0;34;5;40;100m8[0;35;5;40;100m.[0;36;5;40;100m;[0;1;30;90;45m8[0;36;5;40;100m:[0;35;5;40;100mS% [0;1;30;90;47mt[0;1;37;97;47m [0;1;30;90;47mX8[0;33;5;40;100m;[0;37;5;40;100mX[0;1;37;97;47m ;tt;[0;33;47m@[0;1;37;97;47m t;::[0;1;33;93;47m8[0;1;31;91;41mX[0;1;30;90;47m@[0;1;37;97;47m:;[0;33;5;40;100m%[0;31;5;40;100mS[0;34;5;40;100m@[0;36;5;40;100mS[0;34;5;40;100mX[0;30;5;40;100mX[0;34;5;40;100mX[0;30;5;40;100m8[0;31;5;40;100m88@[0;34;5;40;100mS[0;35;5;40;100mS;[0;37;5;40;100m88[0;35;5;40;100m [0;1;30;90;47m888888[0;37;5;40;100mt[0;1;30;90;47m8[0;33;5;40;100m: [0;35;5;40;100m:[0;31;5;40;100mSS[0;1;30;90;40m88[0;30;5;40;100mS[0;36;5;40;100m8[0;30;5;40;100m8[0;34;5;40;100m8[0;30;5;40;100m8[0;34;5;40;100m@X[0;30;5;40;100m@[0;34;5;40;100mXX[0;30;5;40;100m8[0;1;30;90;40m8X[0;31;40m:[0;34;40m:[0;31;40m.[0;32;40m    [0m
[0;34;40m                          [0;32;40m [0;31;40m :[0;1;30;90;40m8[0;34;5;40;100mX[0;35;5;40;100m%[0;36;5;40;100mS[0;35;5;40;100mS[0;36;5;40;100m%[0;35;5;40;100m;[0;36;5;40;100m;[0;35;5;40;100m8[0;36;5;40;100mS[0;35;5;40;100mt[0;36;5;40;100mt[0;1;30;90;44m8[0;34;5;40;100m@@[0;37;5;40;100m%[0;1;37;97;47m;;tt::t%[0;37;5;47;107m8[0;37;5;43;103m8[0;37;5;47;107m8[0;1;37;97;47m [0;37;5;47;107m8[0;1;33;93;47m%[0;37;5;47;107m8[0;1;33;93;47m%[0;37;5;47;107m8[0;1;33;93;47mS[0;31;45m8[0;33;5;40;100m.;[0;31;5;40;100m@[0;1;30;90;47m8[0;31;5;40;100m8[0;35;5;40;100m8[0;34;5;40;100m8X[0;35;5;40;100m%[0;36;5;40;100mX[0;30;5;40;100m88[0;1;30;90;40m8[0;30;5;40;100m8[0;31;5;40;100m@[0;33;5;40;100m [0;1;30;90;47mt[0;1;37;97;47m [0;35;47mXX[0;1;30;90;47m8[0;1;31;91;47m@[0;1;30;90;47m8[0;1;31;91;47m8[0;1;30;90;47m8[0;1;31;91;47m8[0;1;30;90;47m8[0;1;31;91;47m@[0;1;30;90;47m8[0;1;31;91;47m@[0;1;30;90;47m8[0;33;47m@[0;1;30;90;47m888[0;35;5;40;100m [0;31;5;40;100mS[0;31;40m@[0;34;5;40;100m@[0;30;5;40;100m@[0;34;5;40;100mX[0;30;5;40;100m@@[0;34;5;40;100mX[0;30;5;40;100m8[0;34;5;40;100m@@[0;30;5;40;100m@8@8[0;1;30;90;40m8X[0;31;40m;[0;34;40m:[0;32;40m.[0m
[0;34;40m                          [0;31;40m [0;34;40m .[0;31;40m::[0;34;40m%[0;34;5;40;100m8[0;36;5;40;100m;[0;35;5;40;100mt[0;1;30;90;46m8[0;1;30;90;45m8[0;34;5;40;100m8[0;35;5;40;100mt[0;34;5;40;100mS[0;35;5;40;100m@[0;34;5;40;100mX[0;33;5;40;100m:[0;35;5;40;100m:% [0;1;37;97;47m;[0;37;5;47;107m8[0;37;5;43;103m8[0;37;5;47;107m8[0;1;33;93;47mS[0;37;5;47;107m8[0;37;5;43;103m8[0;1;37;97;47m [0;37;5;47;107m8[0;1;37;97;47m [0;37;5;47;107m8[0;37;5;43;103m8[0;37;5;47;107m8[0;1;33;93;47m%[0;37;5;47;107m8[0;1;31;91;47mS[0;1;30;90;45m8[0;33;5;40;100m;[0;35;5;40;100m.;[0;31;5;40;100mX[0;35;5;40;100m :[0;31;5;40;100m@[0;34;5;40;100mX[0;36;5;40;100mS[0;34;5;40;100m@[0;30;5;40;100mX[0;31;40m@[0;35;5;40;100mt[0;31;5;40;100mX8[0;37;5;40;100mS[0;1;37;97;47m [0;33;47m@[0;1;31;91;47m@[0;1;30;90;47m8[0;1;31;91;47m@X[0;1;30;90;47m8[0;1;31;91;47m@[0;1;30;90;47m8[0;35;47m8[0;33;47m@[0;1;31;91;47m8[0;35;47mX[0;1;31;91;47m@[0;1;30;90;47m8[0;1;31;91;47m@[0;35;47m@[0;1;31;91;47m8[0;1;30;90;47m8888[0;35;5;40;100m;[0;1;30;90;41m8[0;1;30;90;40m8[0;31;40m8[0;30;5;40;100m8[0;31;40m8[0;30;5;40;100m@[0;31;40m@[0;30;5;40;100m@8[0;35;5;40;100m@[0;1;30;90;40m@8[0;31;40mt[0;34;40mt[0;31;40mt[0;1;30;90;40mX[0;32;40m.[0;31;40m:[0m
[0;34;40m                           [0;32;40m  ..[0;1;30;90;40m@[0;35;5;40;100m;[0;36;5;40;100m:[0;35;5;40;100m%[0;36;5;40;100m%t[0;34;5;40;100m8[0;30;5;40;100m8[0;35;5;40;100m:[0;1;30;90;47mt[0;33;5;40;100m [0;35;5;40;100m% .:[0;33;5;40;100m%[0;1;30;90;47m8[0;37;5;47;107m8[0;1;37;97;47m [0;37;5;47;107m8[0;37;5;41;101m8[0;1;31;91;47mX[0;37;5;47;107m8[0;1;31;91;47m@[0;37;5;41;101m8[0;1;37;97;47m [0;37;5;47;107m8[0;1;35;95;47mS[0;37;5;47;107m8[0;37;5;41;101m8[0;33;5;40;100m :[0;35;5;40;100m;;[0;34;5;40;100mS[0;31;5;40;100m8[0;35;5;40;100m :[0;31;5;40;100mS[0;34;5;40;100mXX[0;35;5;40;100m%[0;30;5;40;100m8[0;35;5;40;100mt[0;33;5;40;100m:[0;1;30;90;47m8[0;35;5;40;100mS[0;33;5;40;100mt[0;33;47m@[0;35;47m8[0;33;47m@[0;1;31;91;47m8[0;1;30;90;47m8[0;35;47mX[0;1;31;91;47m@[0;1;30;90;47m8[0;1;31;91;47m@[0;33;47mX[0;35;47m8[0;33;47mX[0;35;47mX[0;33;47m8[0;1;31;91;47m@[0;1;30;90;47m8[0;33;47m@[0;35;47m8[0;33;47m8[0;1;31;91;47m8[0;35;47m8[0;1;31;91;43m8[0;1;30;90;47m88888[0;33;5;40;100m [0;1;30;90;47m8[0;33;5;40;100m  %[0;31;5;40;100m@8[0;1;30;90;40m8[0;31;40m%[0;34;40m:[0;32;40m:[0;34;40m. .[0m
[0;34;40m                           [0;32;40m  [0;31;40m:[0;30;5;40;100m8[0;35;5;40;100mt[0;36;5;40;100m%[0;34;5;40;100m@[0;35;5;40;100m [0;1;30;90;47m8[0;35;5;40;100m8[0;36;5;40;100mS[0;35;5;40;100mt [0;1;37;97;47m [0;1;30;90;47m8[0;35;5;40;100m.::.;[0;31;5;40;100m@[0;35;5;40;100mX[0;33;5;41;101mt[0;1;37;97;47m   [0;37;5;47;107m8[0;1;33;93;47mS[0;1;30;90;43m8[0;1;35;95;47mS[0;37;5;41;101m8[0;1;33;93;47m8[0;1;30;90;45m8[0;33;5;40;100mt[0;35;5;40;100mX%[0;34;5;40;100mS[0;31;5;40;100mS[0;35;5;40;100m%[0;33;5;40;100m.[0;1;30;90;47m8[0;35;5;40;100mS[0;30;5;40;100m8[0;35;5;40;100mt[0;34;5;40;100mS[0;32;5;40;100mS[0;35;5;40;100m8[0;37;5;40;100mS[0;1;30;90;47m88[0;33;41m8[0;37;45m8[0;33;47m@[0;1;31;91;47m8[0;35;47m@[0;1;30;90;47m8[0;1;31;91;47m@[0;33;47mX[0;35;47m@[0;1;31;91;47m@[0;1;30;90;47m8[0;1;31;91;47m@X[0;1;30;90;47m8[0;1;31;91;47m8[0;1;30;90;47m8[0;35;47m@[0;33;5;41;101m8[0;35;5;40;100m.[0;1;30;90;47m8[0;1;37;97;47m   .   [0;1;33;93;47mX[0;1;31;91;47m@[0;1;30;90;47m8[0;1;31;91;47m@[0;33;47mS[0;35;47mX[0;33;47m@[0;1;30;90;47m888[0;37;5;40;100m%[0;31;5;40;100mX[0;31;40m;[0;34;40m.[0;32;40m.[0;31;40m [0m
[0;34;40m                          [0;32;40m  [0;34;40m [0;31;40m;[0;1;30;90;40mX[0;34;40mt[0;31;40m%[0;1;30;90;40m8[0;1;30;90;47m:.;[0;35;5;40;100m8[0;36;5;40;100m:[0;35;5;40;100mS[0;1;30;90;47mX[0;37;5;47;107m8[0;1;37;97;47m [0;1;30;90;47m8[0;35;5;40;100mt;%t  8[0;33;5;40;100mX[0;1;37;97;47m  [0;37;5;47;107m8[0;35;5;41;101m@[0;33;5;40;100m8[0;31;5;40;100m8[0;1;30;90;41m8[0;31;5;40;100mS[0;35;5;40;100m8[0;30;5;40;100mX[0;31;5;40;100mS[0;34;5;40;100mX[0;33;5;40;100mt[0;31;5;40;100m@[0;33;5;40;100m [0;1;30;90;47m8[0;31;5;40;100m8X[0;34;5;40;100mS[0;30;5;40;100m@@[0;31;5;40;100m@[0;1;30;90;47m88[0;35;5;41;101mS[0;33;5;40;100m.[0;1;30;90;47m8[0;1;31;91;47m@[0;1;30;90;47m8[0;1;31;91;47m@[0;1;30;90;47m8[0;1;31;91;47m@@[0;33;47m@[0;35;47m@[0;1;31;91;47m8[0;1;30;90;47m8[0;1;31;91;47m@[0;1;30;90;47m8[0;1;31;91;47m@[0;33;47mX[0;35;5;40;100mS[0;1;30;90;47m8[0;1;37;97;47m [0;37;5;47;107m8[0;1;37;97;47m  [0;37;5;47;107m8[0;1;33;93;47mS[0;37;5;47;107m8[0;1;33;93;47m%[0;1;35;95;47m@[0;1;31;91;47m@[0;1;30;90;47m8[0;1;31;91;47mX[0;1;30;90;47m8[0;1;31;91;47m@[0;33;47m@[0;1;31;91;47m8[0;35;47m@[0;1;31;91;47m8[0;1;30;90;47m888[0;31;5;40;100mX[0;31;40mt[0;34;40m.[0;32;40m [0m
[0;34;40m                          [0;32;40m [0;34;40m ..[0;31;40m.[0;32;40m:[0;34;40m:[0;31;40m;[0;35;5;40;100m [0;1;37;97;47m. [0;33;5;40;100m [0;35;5;40;100m;[0;33;5;40;100m@[0;35;5;40;100m [0;37;5;47;107m8[0;1;30;90;47m8[0;33;5;40;100mt[0;1;30;90;47mS%[0;37;5;40;100m@[0;35;5;40;100mS::[0;31;5;40;100mS[0;35;5;40;100m [0;1;37;97;47m  [0;1;31;91;47mX[0;37;5;40;100m%[0;31;5;40;100m8[0;35;5;40;100mX[0;30;5;40;100m8[0;35;5;40;100mX[0;33;5;40;100m%[0;34;5;40;100mX[0;35;5;40;100m [0;37;5;40;100m8[0;35;5;40;100m t[0;1;30;90;47m88[0;1;30;90;41m8[0;30;5;40;100m8[0;34;5;40;100mX[0;30;5;40;100m@[0;31;5;40;100m8[0;35;5;40;100m.[0;1;30;90;47m88[0;33;5;40;100m%[0;1;30;90;47m8[0;1;31;91;47m8[0;1;30;90;47m8[0;35;47m8[0;33;47m@[0;1;31;91;47m8[0;1;30;90;47m8[0;35;47mX[0;1;31;91;47m8[0;33;47m@[0;35;47mX[0;33;47m8[0;35;47m8[0;1;31;91;47m8[0;1;30;90;47m8[0;31;45m8[0;1;30;90;43m8[0;35;5;40;100m:[0;1;33;93;47mS[0;1;35;95;47mS[0;1;33;93;47mX[0;37;5;47;107m8[0;1;33;93;47mX[0;37;5;47;107m8[0;37;5;41;101m8[0;1;37;97;47m [0;37;5;41;101m8[0;33;47mS[0;1;31;91;47m@[0;1;30;90;47m8[0;1;31;91;47m@[0;1;30;90;47m8[0;1;31;91;47m8[0;1;30;90;47m8[0;1;31;91;47m@[0;1;30;90;47m8[0;1;31;91;47m8[0;1;30;90;47m888[0;1;30;90;41m8[0;34;40m.[0;32;40m [0m
[0;34;40m                           [0;32;40m    [0;31;40m.[0;34;40m.[0;31;40m:8[0;1;30;90;47m8[0;1;37;97;47mS;[0;33;5;40;100mt[0;35;5;40;100m;.[0;1;37;97;47m.[0;37;5;47;107m8[0;1;37;97;47m  ;X [0;1;30;90;47m%[0;37;5;40;100m%[0;1;30;90;47m88[0;37;5;41;101m8[0;1;31;91;47m@[0;1;30;90;47m8[0;33;47m8[0;1;30;90;47m8[0;37;5;40;100m;[0;35;5;40;100m;[0;33;5;40;100m;[0;37;5;40;100mX[0;1;30;90;47m88[0;35;5;40;100m.[0;1;30;90;47m8[0;35;5;40;100m.[0;33;5;40;100m.[0;1;30;90;41m8[0;31;5;40;100mS[0;34;5;40;100m8[0;30;5;40;100m88[0;35;5;40;100m8[0;33;5;40;100m:[0;33;41m8[0;1;30;90;45m8[0;33;47m8[0;1;30;90;45m8[0;33;47m8[0;35;47m8[0;1;31;91;47m8[0;1;30;90;47m8[0;35;47mX[0;1;31;91;47m8[0;33;47mX[0;35;47mX[0;33;47m8[0;1;31;91;45m8[0;33;5;40;100mt[0;1;30;90;47m8[0;1;37;97;47m [0;1;30;90;47m8[0;33;5;40;100mS[0;35;5;40;100m%;X[0;1;30;90;43m8[0;31;45m8[0;33;41m8[0;1;30;90;45m8[0;1;31;91;47m8[0;1;30;90;47m8[0;1;31;91;47m@[0;1;30;90;47m@[0;33;47mX[0;35;47m@[0;1;31;91;47m@[0;33;47mX[0;1;31;91;47m@[0;1;30;90;47m8[0;1;31;91;47mX[0;1;30;90;47m8[0;1;31;91;47m@[0;33;47mX[0;1;31;91;47m8@[0;1;30;90;47m8[0;37;5;40;100mt[0;31;40m8[0;34;40m:[0m
[0;34;40m                          [0;32;40m    [0;31;40m.;[0;1;30;90;40m@[0;33;5;40;100m;[0;37;5;40;100m@[0;1;30;90;47m8[0;1;30;90;43m8[0;1;37;97;47m [0;37;5;40;100m%X[0;1;30;90;47m8[0;35;47m8[0;37;5;47;107m888[0;1;37;97;47m.[0;1;33;93;47mS[0;1;30;90;47m8[0;33;47m8[0;35;47m8[0;1;31;91;47m8[0;1;30;90;47m8[0;35;5;40;100m.[0;35;5;41;101mX[0;1;30;90;47m@[0;1;30;90;45m8[0;37;43m8[0;1;30;90;45m8[0;37;43m8[0;1;30;90;45m8[0;1;30;90;47m8[0;33;5;40;100m.[0;1;31;91;47m8[0;1;30;90;47m8[0;1;31;91;47m8[0;35;5;40;100m [0;1;30;90;41m8[0;31;5;40;100m@[0;30;5;40;100m8X[0;34;5;40;100m8[0;1;30;90;40m8[0;31;5;40;100m8[0;35;5;40;100m [0;1;30;90;47m8[0;33;47m@[0;35;47m8[0;1;31;91;47m8[0;1;30;90;47m8[0;1;31;91;47m@[0;1;30;90;47m8[0;1;31;91;47m@[0;33;47mX[0;35;47m@[0;1;31;91;47m@[0;35;5;40;100m%[0;1;30;90;41m8[0;33;5;40;100m [0;1;30;90;47m8[0;1;37;97;47m [0;1;30;90;47m8[0;35;5;40;100m;.[0;37;5;40;100mX[0;35;5;40;100m [0;37;5;40;100mS[0;35;5;40;100m  t[0;31;5;40;100mX[0;30;41m8[0;31;5;40;100m8[0;1;30;90;41m8[0;33;5;40;100m:[0;1;31;91;47m@[0;33;47m@[0;35;47m@[0;1;31;91;47m@[0;1;30;90;47m8[0;1;31;91;47m@[0;1;30;90;47m8[0;1;31;91;47m@[0;1;30;90;47m8[0;1;31;91;47m@[0;1;30;90;47m8[0;1;31;91;47mX[0;1;30;90;47m88[0;30;41m8[0;32;40m:[0m
[0;34;40m                          [0;32;40m  [0;31;40m.%[0;31;5;40;100mX[0;1;30;90;47mX[0;1;37;97;47m%[0;37;5;47;107m8888[0;33;47mX[0;35;41m@[0;37;5;40;100m@[0;35;5;40;100m:%[0;1;30;90;41m8[0;1;33;93;47mS[0;37;5;47;107m88[0;1;37;97;47m [0;1;31;91;47mX[0;1;37;97;47m  [0;37;5;47;107m8[0;1;37;97;47m [0;1;33;93;47mS[0;37;5;40;100mt[0;33;47mS[0;1;31;91;47mX[0;1;30;90;47m8[0;1;31;91;47m8[0;37;5;40;100m;[0;33;47m8[0;1;31;91;47m8[0;1;30;90;47m88[0;1;31;91;47m@[0;1;30;90;47m8[0;1;31;91;47mS[0;33;5;40;100m:[0;30;5;40;100m8[0;34;5;40;100mX[0;1;30;90;40m@[0;31;5;40;100mS[0;35;5;40;100mS[0;31;40m8[0;31;5;40;100mX[0;1;30;90;47m8[0;1;31;91;47m8[0;33;47mX[0;35;47mX[0;1;31;91;47m@[0;1;30;90;47m8[0;1;31;91;47mX[0;1;30;90;47m8[0;1;31;91;47m@[0;1;30;90;47m8[0;33;5;40;100mX[0;31;5;40;100mX[0;37;5;40;100mt[0;35;5;40;100m   [0;37;5;40;100m%[0;35;5;40;100m  [0;37;5;40;100m@[0;35;5;40;100m [0;37;5;40;100m8[0;35;5;40;100m:t[0;30;5;40;100m88[0;36;5;40;100m [0;33;5;40;100m [0;31;5;40;100mX[0;1;30;90;41mX[0;31;5;40;100m8[0;1;30;90;47m8[0;33;47m8[0;1;31;91;47m@[0;35;47m@[0;33;47m8[0;35;47m@[0;33;47m8[0;1;31;91;47m@[0;1;30;90;47m8[0;1;31;91;47mX[0;1;30;90;47m8[0;37;5;41;101m8[0;35;5;40;100m:[0;31;40m%[0;34;40m.[0m
[0;34;40m                        [0;32;40m [0;31;40m ;[0;31;5;40;100mS[0;37;5;40;100mX[0;1;30;90;47m:[0;1;37;97;47mX[0;37;5;47;107m88[0;1;37;97;47mS[0;37;5;47;107m888[0;1;37;97;47m.[0;33;5;40;100mS[0;35;5;40;100mt[0;1;30;90;47m@[0;35;5;40;100m;[0;1;30;90;47m@8[0;37;5;47;107m88888888[0;1;31;91;47mX8[0;35;47mX[0;1;31;91;47m@[0;33;47m@[0;35;47mX[0;1;31;91;47m8[0;1;30;90;47m8[0;1;31;91;47m@[0;33;47mX[0;1;31;91;47m8[0;1;30;90;47m8[0;1;31;91;47mX[0;1;30;90;47m8[0;1;30;90;41m%[0;30;5;40;100m8[0;1;30;90;40m8[0;30;5;40;100m8[0;1;30;90;40m8[0;37;5;40;100m%[0;1;30;90;47m8[0;37;5;40;100m;[0;1;31;91;47mX[0;1;30;90;47m8[0;1;31;91;47m@[0;33;47m@[0;35;47m@[0;33;47m8[0;1;31;91;47mX[0;1;30;90;47m8[0;1;31;91;47m8[0;35;5;40;100m;[0;1;30;90;41m8[0;33;5;40;100mt[0;35;5;40;100m; .;;   .:;[0;30;5;40;100m@88[0;1;30;90;47mS8[0;35;5;40;100m:[0;1;30;90;40m@[0;31;40m8[0;31;5;40;100m8[0;35;5;40;100m [0;35;47mS[0;1;31;91;47m8@[0;1;30;90;47m8[0;1;31;91;47m@[0;1;30;90;47m8[0;1;31;91;47m@[0;1;30;90;47m8[0;35;47m8[0;33;5;40;100mX[0;1;30;90;41m8[0;34;40m:[0;32;40m.[0m
[0;34;40m                       [0;31;40m.X[0;37;5;40;100mX[0;1;37;97;47m:[0;37;5;47;107m888[0;1;37;97;47mS[0;37;5;47;107m888[0;1;37;97;47mt[0;37;5;47;107m888[0;33;47mS[0;1;30;90;47m@[0;35;5;40;100m [0;37;5;40;100m@[0;1;30;90;47m8[0;37;5;47;107m8[0;1;37;97;47m [0;37;5;47;107m8[0;1;37;97;5;43;103m8[0;37;5;47;107m8[0;1;37;97;47m [0;1;33;93;5;47;107m8[0;37;5;47;107m88[0;1;37;97;47m [0;1;31;91;47mS[0;33;47mX[0;35;47m8[0;1;31;91;47m@[0;33;47m@[0;1;31;91;47m@[0;1;30;90;47m8[0;1;31;91;47m@[0;35;47m@[0;33;47m@[0;1;31;91;47m@[0;1;30;90;47m8[0;1;31;91;47m8[0;33;5;40;100m:[0;1;30;90;41m@[0;30;5;40;100m8[0;31;5;40;100m8[0;30;5;40;100m8[0;31;5;40;100m8[0;1;30;90;47m88[0;1;31;91;47m@[0;1;30;90;47m8[0;35;47m@[0;1;31;91;47m@[0;33;47m8[0;1;30;90;45m8[0;37;43m8[0;35;47m8[0;33;47mX[0;1;37;97;47m:: [0;1;30;90;47mX8[0;35;5;40;100m:[0;33;5;40;100m.[0;37;5;40;100m:[0;35;5;40;100m.;[0;31;5;40;100m@8[0;35;5;40;100mX[0;30;5;40;100m888[0;1;30;90;40m@8[0;30;5;40;100mX[0;1;30;90;40m8[0;30;5;40;100m888[0;1;30;90;41m@[0;33;5;40;100m [0;1;30;90;47m8[0;1;31;91;47mX[0;35;47mX[0;33;47m8[0;1;31;91;47m@[0;1;30;90;47m8[0;33;5;41;101m%[0;37;5;40;100m%[0;1;30;90;41m8[0;34;40m;[0;31;40m:[0;32;40m.[0m
[0;34;40m                      [0;31;40m.[0;30;5;40;100m8[0;1;37;97;47m [0;37;5;47;107m88[0;1;37;97;47mS[0;37;5;47;107m888[0;1;37;97;47m;[0;37;5;47;107m88[0;1;37;97;5;43;103m8[0;37;5;47;107m8[0;1;37;97;47m [0;37;5;47;107m88[0;1;37;97;47m [0;35;5;40;100mt[0;31;5;40;100mX[0;1;30;90;41m8[0;1;37;97;47m [0;37;5;47;107m88888[0;1;37;97;47m [0;37;5;47;107m88[0;1;37;97;47m [0;1;31;91;47mSX[0;33;47mX[0;35;47m@[0;1;31;91;47m@[0;1;30;90;47m8[0;1;31;91;47m@[0;1;30;90;47m8[0;1;31;91;47m@[0;35;47mX[0;1;31;91;47m@[0;1;30;90;47m8[0;33;5;40;100m;[0;1;30;90;41m%[0;1;30;90;40m@[0;31;5;40;100m8[0;35;5;40;100m [0;31;5;40;100m8[0;30;41m8[0;35;5;40;100m.[0;33;47mX[0;35;47m8[0;1;31;91;47m@[0;33;47m8[0;1;30;90;41mt[0;31;5;40;100mX[0;1;37;97;47m .;;;;:[0;37;5;47;107m8[0;37;5;41;101m8[0;33;47mX[0;1;31;91;47m8[0;1;30;90;47m8[0;33;5;41;101m%[0;1;30;90;47m8[0;37;5;40;100m%[0;33;5;40;100m:[0;31;5;40;100m8[0;30;5;40;100m888[0;34;5;40;100m8[0;1;30;90;40m88[0;30;5;40;100m@[0;1;30;90;40m888[0;30;5;40;100m8[0;1;30;90;41m8[0;1;30;90;47m8[0;1;31;91;47m@[0;33;47m@[0;1;31;91;47m8[0;35;47mX[0;1;30;90;47m88[0;35;5;40;100m [0;30;41m8[0;32;40m:[0;34;40m.[0;31;40m [0m
[0;34;40m                     [0;31;40m.[0;30;5;40;100m8[0;1;30;90;47m;[0;37;5;47;107m8[0;1;37;97;47mS[0;37;5;47;107m88[0;1;37;97;47m;[0;37;5;47;107m8[0;1;33;93;5;47;107m8[0;37;5;47;107m8[0;1;37;97;47m [0;37;5;47;107m888[0;1;33;93;5;47;107m8[0;37;5;47;107m888[0;37;43m8[0;1;37;97;47m  [0;31;5;41;101m8[0;33;47m8[0;1;35;95;47mS[0;1;37;97;47m.[0;37;5;47;107m8[0;1;33;93;5;47;107m8[0;37;5;47;107m8[0;1;31;91;47mX[0;1;33;93;47mS[0;1;35;95;47mS[0;1;31;91;47m8[0;1;30;90;47m8[0;37;5;41;101m8[0;1;30;90;47m8[0;33;47m8[0;35;47m8[0;33;47m8[0;1;31;91;47m@[0;1;30;90;47m8[0;33;47m8[0;35;47m8[0;33;5;41;101mS[0;37;5;40;100m%;[0;1;30;90;41m8[0;33;5;40;100mS[0;1;30;90;47m88[0;35;5;40;100m:[0;35;5;41;101m8[0;1;30;90;47m@[0;1;30;90;43m8[0;35;5;40;100m:[0;1;30;90;47m8[0;31;5;40;100mX[0;1;37;97;47m [0;37;5;47;107m8[0;1;37;97;47m [0;1;33;93;5;47;107m8[0;1;37;97;47m [0;1;37;97;5;43;103m8[0;1;37;97;47m [0;1;37;97;5;43;103m8[0;1;37;97;47m  [0;1;35;95;47m%[0;33;47m8[0;1;30;90;47m8[0;1;37;97;47m:. [0;1;30;90;47m8[0;33;5;40;100m%[0;31;5;40;100m8[0;34;5;40;100m8[0;30;5;40;100m8[0;1;30;90;40m8[0;30;5;40;100m8[0;1;30;90;40m8[0;30;5;40;100m8[0;34;40m8[0;30;5;40;100m@8[0;1;30;90;40m8[0;1;30;90;41m8[0;35;5;40;100m:[0;1;30;90;47m8[0;1;31;91;47m@[0;1;30;90;47m8[0;1;31;91;47m@[0;33;47mS[0;35;47m@[0;1;30;90;41m8[0;31;40m%[0;34;40m:[0;32;40m.[0;31;40m [0m
[0;34;40m                    [0;31;40m.[0;1;30;90;40m@[0;1;37;97;47m [0;37;5;47;107m888[0;1;33;93;47mS[0;37;5;47;107m8[0;1;33;93;5;47;107m8[0;37;5;47;107m8[0;1;37;97;47m [0;37;5;47;107m8[0;1;33;93;5;47;107m8[0;37;5;47;107m88[0;1;37;97;47m [0;37;5;47;107m8[0;1;33;93;5;47;107m8[0;1;37;97;47m [0;37;5;47;107m8888[0;33;5;40;100m t[0;31;5;40;100m@[0;1;30;90;43m8[0;37;5;41;101m8[0;1;31;91;45m8[0;33;47m@[0;37;5;41;101m8[0;1;31;91;47m8[0;37;43m8[0;1;30;90;45m8[0;37;43m8[0;35;5;40;100m;[0;1;31;91;47m8[0;35;5;40;100m.[0;37;5;41;101m8[0;1;30;90;47m88[0;37;5;41;101m8[0;35;5;40;100mt[0;1;30;90;43m8[0;35;5;40;100m;[0;1;30;90;47m88[0;33;5;40;100m%[0;35;5;40;100mS[0;33;47m8[0;1;30;90;45m8[0;37;43m8[0;37;5;40;100mX[0;1;30;90;47m8[0;1;37;97;47m  [0;1;31;91;47mX[0;33;5;40;100m:[0;1;37;97;47m;.[0;37;5;47;107m8[0;1;33;93;47m%[0;37;5;47;107m8[0;1;37;97;47m [0;37;5;47;107m8[0;37;5;41;101m8[0;1;31;91;47m@[0;1;37;97;47m;[0;1;33;93;47m@[0;35;47m@[0;37;5;47;107m8[0;1;37;97;47m [0;37;5;47;107m8[0;1;33;93;47mS[0;37;5;47;107m8[0;1;30;90;47m8[0;33;5;40;100m;[0;31;5;40;100m8[0;30;5;40;100m8[0;31;5;40;100mS[0;34;40m8[0;30;5;40;100m8@@[0;1;30;90;40m8888[0;31;5;40;100m8[0;1;30;90;47m8[0;1;31;91;47mX[0;1;30;90;47m8[0;1;31;91;47m8[0;35;5;40;100m;[0;1;30;90;41mS[0;32;40m;[0;34;40m:[0;32;40m.[0;31;40m  [0m
[0;34;40m                    [0;31;40m;[0;33;5;40;100m.[0;37;5;47;107m8[0;1;37;97;47mt[0;37;5;47;107m8888[0;1;37;97;47m [0;37;5;47;107m88888[0;1;37;97;5;43;103m8[0;1;35;95;5;47;107m8[0;37;5;47;107m8888[0;1;33;93;47mS[0;37;5;47;107m88[0;1;30;90;43m8[0;1;30;90;45m8[0;35;5;40;100mt[0;1;37;97;47m;:[0;33;5;40;100m8[0;35;5;40;100m8[0;33;5;40;100mt[0;1;30;90;47m8[0;1;31;91;47m@[0;1;30;90;47m8[0;35;47m@[0;33;47m8[0;35;47m@[0;33;47mX[0;1;30;90;47m8[0;37;5;41;101m8[0;35;5;40;100m;[0;1;30;90;41mX[0;31;5;40;100m@[0;35;5;40;100m;[0;35;47mX[0;1;31;91;47m8[0;1;30;90;47m8[0;1;31;91;47m@[0;1;30;90;47m8[0;1;31;91;41m8[0;1;30;90;47m;[0;1;37;97;47m ; [0;37;5;47;107m8[0;1;37;97;47m [0;1;31;91;43m8[0;1;37;97;47m .[0;1;37;97;5;43;103m8[0;1;37;97;47m [0;37;5;47;107m8[0;1;31;91;47mS[0;37;5;47;107m8[0;1;33;93;47mS[0;1;31;91;45m8[0;1;30;90;47m%[0;1;37;97;47m:[0;1;31;91;43m8[0;1;30;90;47mX[0;1;37;97;47m;[0;37;5;47;107m8[0;37;5;43;103m8[0;37;5;47;107m8[0;1;37;97;47m [0;1;33;93;47mS[0;37;45m8[0;33;5;40;100m.[0;31;5;40;100mX@[0;30;5;40;100mS[0;1;30;90;40m@8[0;30;5;40;100m8[0;1;30;90;40m@[0;30;5;40;100m88[0;1;30;90;40m8[0;1;30;90;41m@[0;1;30;90;47m8[0;1;30;90;45m8[0;33;41mS[0;30;41m8[0;31;40mS[0;32;40m.[0;31;40m.[0;32;40m.[0;31;40m   [0m
[0;34;40m                  [0;31;40m :[0;1;30;90;40m8[0;1;30;90;47m%[0;37;5;47;107m88[0;1;37;97;5;43;103m8[0;37;5;47;107m8[0;1;37;97;47m [0;37;5;47;107m8[0;1;33;93;5;47;107m8[0;37;5;47;107m88[0;1;37;97;5;43;103m8[0;1;37;97;5;45;105m8[0;1;33;93;5;47;107m8[0;37;5;47;107m88[0;37;5;43;103m8[0;37;5;47;107m88[0;1;33;93;5;47;107m8[0;37;5;47;107m88[0;1;33;93;47mS[0;31;45m8[0;33;5;40;100m%[0;1;30;90;47mt[0;37;5;47;107m88[0;1;30;90;47m8[0;33;47m8[0;35;47m8[0;33;41m8[0;35;5;40;100m:[0;33;5;41;101mX[0;37;5;40;100m%[0;1;31;91;45m8[0;1;30;90;43m8[0;1;30;90;45m8[0;1;30;90;43m8[0;1;30;90;45m8[0;33;47m8[0;37;5;40;100mt[0;1;30;90;47m8[0;1;31;91;47m@[0;33;47m@[0;35;47m@[0;1;31;91;47m@[0;1;30;90;47m8[0;1;30;90;43m8[0;1;30;90;47m@[0;37;5;47;107m8[0;1;37;97;47m  [0;1;31;91;47m8[0;1;33;93;47mX[0;35;47m@[0;31;5;40;100mX[0;1;37;97;47m [0;37;5;47;107m8[0;1;37;97;47m [0;37;5;47;107m8[0;1;31;91;5;43;103m8[0;37;5;47;107m8[0;1;37;97;47m [0;1;31;91;47mX[0;33;5;40;100m%[0;37;5;40;100m;[0;1;30;90;47m8[0;1;30;90;41mX[0;1;30;90;47m@[0;37;5;47;107m8[0;1;33;93;47mS[0;1;35;95;5;47;107m8[0;1;33;93;47mX[0;37;5;47;107m8[0;1;31;91;47mX8[0;1;30;90;47m8[0;33;5;40;100m [0;31;5;40;100m8[0;34;5;40;100mX[0;30;5;40;100m8[0;1;30;90;40m8[0;30;5;40;100m8[0;1;30;90;40m8[0;35;5;40;100m8:S[0;31;40m@[0;31;5;40;100m@X[0;1;30;90;40mX[0;34;40m;[0;32;40m:[0;31;40m.[0;34;40m [0;31;40m    [0m
[0;34;40m                 [0;31;40m.%[0;1;30;90;47m@[0;1;37;97;47m%[0;37;5;47;107m888[0;1;37;97;47m [0;37;5;47;107m8[0;1;33;93;5;47;107m8[0;37;5;47;107m888[0;1;37;97;47m [0;37;5;47;107m8[0;1;37;97;47m [0;37;5;47;107m88888[0;1;37;97;47m [0;1;35;95;5;47;107m8[0;1;37;97;5;43;103m8[0;37;5;47;107m8[0;35;5;41;101m;[0;1;30;90;47mS[0;1;37;97;47m.[0;37;5;47;107m8[0;1;37;97;47m:[0;37;5;47;107m8[0;1;37;97;47m [0;1;33;93;47m@[0;35;47m8[0;1;37;97;47m [0;1;30;90;47m888[0;33;47mS[0;35;47m@[0;33;47mX[0;1;35;95;47mX[0;33;47m8[0;35;47m8[0;1;31;91;47m@[0;1;30;90;47m8[0;1;31;91;47mX[0;35;47mX[0;33;47m8[0;35;47m@[0;1;31;91;47m@[0;1;30;90;45m8[0;1;30;90;47m8[0;33;47m@[0;1;35;95;47mS[0;1;37;97;47m;[0;37;5;47;107m88[0;1;30;90;47m8[0;33;5;40;100mX[0;1;37;97;47m [0;37;5;47;107m8[0;1;33;93;5;47;107m8[0;1;35;95;5;47;107m8[0;37;5;47;107m88[0;37;5;41;101m8[0;37;5;40;100mt[0;1;30;90;47mX[0;35;47mS[0;1;30;90;47m8[0;31;5;40;100mX[0;1;37;97;47m  [0;37;5;47;107m8[0;1;33;93;47mS[0;1;37;97;47m [0;37;5;47;107m8[0;1;31;91;47mX[0;33;47m8[0;1;37;97;47m .[0;33;5;40;100m.[0;1;30;90;41m8[0;30;5;40;100m@[0;34;40m@[0;30;5;40;100mX[0;1;30;90;40m8@[0;30;5;40;100m8[0;1;30;90;40m@[0;30;5;40;100mX[0;36;5;40;100m%[0;34;5;40;100mX[0;30;5;40;100mX[0;1;30;90;40mX[0;34;40m   [0;31;40m    [0m
[0;34;40m                 [0;31;40m;[0;37;5;40;100m8[0;1;37;97;47mX[0;37;5;47;107m88[0;1;37;97;47m.[0;37;5;47;107m88888[0;1;33;93;47mS[0;1;35;95;5;47;107m8[0;1;33;93;5;47;107m8[0;37;5;47;107m8[0;37;5;41;101m8[0;1;37;97;47m [0;37;5;47;107m8[0;1;33;93;5;47;107m8[0;1;37;97;5;45;105m8[0;1;37;97;5;43;103m8[0;37;5;47;107m8[0;1;37;97;47m [0;37;5;47;107m8[0;1;37;97;47m [0;37;5;47;107m8[0;1;37;97;47mt:::[0;37;5;43;103m8[0;37;5;47;107m8[0;1;37;97;47m  [0;37;5;47;107m8[0;1;33;93;47mX[0;1;35;95;47m@[0;37;5;41;101m8[0;33;47mX[0;1;31;91;47m@[0;1;30;90;47m8[0;1;31;91;47m8[0;1;30;90;47m8[0;1;31;91;47m8[0;1;30;90;47m8[0;1;31;91;47mX[0;1;30;90;47m8[0;1;31;91;47m@X[0;1;30;90;47m8888[0;37;5;47;107m8888[0;1;37;97;47m.[0;33;5;40;100m%[0;1;30;90;47m8[0;37;5;47;107m8[0;1;37;97;47m [0;1;31;91;47mS[0;1;33;93;47mS[0;37;5;47;107m8[0;1;37;97;47m [0;33;41m8[0;1;30;90;47m;[0;35;47mX[0;1;30;90;47mX8[0;35;5;40;100mt[0;37;5;47;107m8[0;37;5;43;103m8[0;1;37;97;47m [0;37;5;47;107m8[0;1;35;95;47m%[0;1;37;97;5;43;103m8[0;1;35;95;47m8[0;1;31;91;43m8[0;37;5;47;107m88[0;33;47mS[0;31;5;40;100m8X[0;1;30;90;40m8[0;30;5;40;100m88[0;1;30;90;40m8[0;30;5;40;100m8[0;1;30;90;40m8[0;34;5;40;100mSSSS[0;30;5;40;100m8[0;34;40m:[0;32;40m [0;31;40m     [0m
[0;34;40m                [0;31;40m.[0;31;5;40;100mS[0;1;30;90;47m.[0;1;37;97;47m;S[0;37;5;47;107m8[0;1;33;93;5;47;107m8[0;37;5;47;107m88[0;37;5;43;103m8[0;1;35;95;5;47;107m8[0;1;37;97;5;43;103m8[0;37;5;47;107m88[0;1;35;95;47m%[0;1;33;93;5;41;101m8[0;1;30;90;47mX[0;33;5;41;101m;[0;1;37;97;47m   [0;37;5;47;107m8[0;1;33;93;5;41;101m8[0;37;5;47;107m8[0;1;37;97;47m [0;37;5;47;107m8[0;1;33;93;47mS[0;1;37;97;47m [0;37;5;47;107m8[0;37;5;43;103m8[0;37;5;47;107m8[0;1;37;97;47m  [0;37;5;47;107m8[0;37;5;43;103m8[0;1;35;95;47mS[0;1;37;97;47m .[0;1;33;93;47mX[0;35;47m8[0;1;31;91;47mX[0;1;30;90;47m8[0;1;31;91;47m@[0;33;5;40;100mt[0;35;47m8[0;33;47m8[0;1;31;91;47m@[0;1;30;90;47m8[0;35;47mX[0;33;47m@[0;1;31;91;47m8[0;1;30;90;47m8[0;35;47mX[0;37;5;47;107m88888[0;1;37;97;47m [0;1;30;90;47m8[0;1;37;97;47m [0;37;5;47;107m888[0;1;33;93;47mS[0;1;37;97;47m [0;1;31;91;47m@[0;37;5;40;100m8[0;1;37;97;47m .[0;35;47m@[0;33;5;40;100m;[0;1;37;97;47m  [0;37;5;47;107m8[0;1;33;93;47mS[0;37;5;47;107m8[0;1;37;97;47m  [0;1;31;91;47m8[0;1;30;90;47m8[0;1;37;97;47m . [0;1;30;90;41m8[0;30;5;40;100m@8[0;1;30;90;40m8[0;30;5;40;100m8[0;1;30;90;40m8[0;34;40mX[0;31;5;40;100mX[0;34;5;40;100mXSS[0;36;5;40;100mX[0;34;5;40;100m@[0;1;30;90;40m@[0;31;40m:[0;34;40m.[0;32;40m [0;31;40m   [0m
[0;34;40m               [0;32;40m [0;31;40m;[0;37;5;40;100m8[0;1;30;90;47mt[0;1;33;93;47m8[0;1;31;91;47mX[0;1;33;93;47mX[0;1;35;95;47m8[0;37;5;41;101m8[0;1;37;97;47m [0;1;35;95;47mS[0;1;33;93;47m8[0;37;5;45;105m8[0;37;5;41;101m8[0;1;33;93;47mS[0;1;31;91;47m8[0;1;30;90;47m8[0;1;37;97;47m [0;1;30;90;47m8[0;31;5;41;101m@[0;33;47m8[0;1;37;97;47m [0;37;5;47;107m88[0;1;37;97;47m [0;1;37;97;5;43;103m8[0;37;5;45;105m8[0;1;33;93;5;47;107m8[0;1;37;97;47m [0;37;5;47;107m8[0;1;37;97;47m [0;37;5;47;107m8[0;37;5;43;103m8[0;37;5;45;105m8[0;37;5;43;103m8[0;1;35;95;47m@[0;1;33;93;47m@[0;37;5;41;101m8[0;1;31;91;47mS[0;35;47m8[0;1;31;91;47m8[0;1;30;90;47m8[0;1;31;91;47mX[0;1;30;90;47m8[0;35;5;41;101mS[0;1;30;90;47m8[0;1;31;91;47m@[0;1;30;90;47m8[0;1;31;91;47m@[0;33;47m@[0;35;47m8[0;37;5;40;100m;[0;1;37;97;47m [0;37;5;47;107m8888[0;1;37;97;47mt [0;1;35;95;47m%[0;31;43m8[0;35;47m8[0;1;31;91;47m8[0;1;33;93;47m8[0;1;31;91;47m8[0;1;37;97;47m [0;35;47mX[0;1;30;90;47m8[0;1;37;97;47mS[0;37;5;47;107m88[0;37;5;40;100m;[0;1;30;90;47m8[0;1;37;97;47m [0;37;5;47;107m8[0;37;5;43;103m8[0;1;37;97;5;45;105m8[0;37;5;43;103m8[0;37;5;47;107m8[0;31;5;41;101m.[0;1;30;90;47mS[0;1;37;97;47mt[0;37;5;47;107m8[0;37;5;43;103m8[0;1;37;97;47m [0;31;5;40;100m8[0;1;30;90;40m8888[0;35;5;40;100m8[0;1;30;90;40m8[0;36;5;40;100m@[0;30;5;40;100mS[0;35;5;40;100mt[0;34;5;40;100mX[0;1;30;90;40mX[0;31;40m%[0;34;40mt[0;32;40m;[0;31;40m.[0;34;40m [0;31;40m   [0m
[0;34;40m               [0;32;40m.[0;1;30;90;40mX[0;37;5;40;100m@[0;33;47m@[0;35;47mX[0;33;47mS[0;1;31;91;47mX[0;1;33;93;47mX[0;1;30;90;47m8[0;1;33;93;47m@[0;1;31;91;47m8[0;35;47mX[0;1;33;93;47m8[0;35;47mX[0;1;31;91;47mX[0;1;30;90;47m8[0;1;31;91;47mX[0;1;30;90;47m8[0;33;47m8[0;1;30;90;47m8[0;1;31;91;41m8[0;1;30;90;41m8[0;1;31;91;47mX[0;1;37;97;47m [0;37;5;47;107m8[0;1;37;97;47m [0;1;33;93;5;47;107m8[0;1;37;97;47m [0;37;5;47;107m8[0;1;31;91;5;43;103m8[0;37;5;47;107m8[0;1;35;95;47mS[0;37;5;47;107m8[0;37;5;43;103m8[0;37;5;47;107m8[0;1;37;97;47m  [0;1;35;95;47mS[0;33;47m8[0;1;31;91;47m@[0;1;30;90;47m8[0;1;31;91;47mX[0;35;47mS[0;33;47mS[0;35;5;40;100m [0;1;30;90;43m8[0;35;47mX[0;1;31;91;47m@[0;1;30;90;47m8[0;1;31;91;47m@[0;1;30;90;47m8[0;35;47mS[0;37;5;47;107m8888[0;1;37;97;47m:[0;1;30;90;47m%8@8[0;1;37;97;47m;[0;37;5;47;107m8[0;1;37;97;47m  :[0;37;5;47;107m8888[0;1;37;97;47m.[0;1;30;90;47m8[0;1;37;97;47m [0;1;33;93;47m@[0;1;35;95;47m@[0;1;37;97;47m [0;37;5;47;107m8[0;1;37;97;47m [0;31;5;41;101mt[0;1;30;90;47mS[0;1;37;97;47mt[0;1;33;93;47mS[0;1;37;97;47m [0;37;5;47;107m8[0;1;35;95;47mS[0;1;30;90;41m@[0;31;40mSt[0;34;40m;[0;31;40m:[0;34;40m;[0;30;5;40;100m@[0;34;5;40;100mS[0;30;5;40;100m88[0;34;5;40;100mS[0;1;30;90;40m8[0;32;40m;[0;31;40m;[0;34;40m.[0;31;40m     [0m
[0;34;40m               [0;31;40mt[0;31;5;40;100m88[0;33;5;40;100m%[0;35;5;40;100m%[0;1;31;91;43m8[0;35;5;40;100mt[0;1;30;90;45m8[0;1;31;91;43m8[0;1;30;90;45m8[0;1;30;90;43m8[0;1;30;90;45m8[0;1;30;90;43m8[0;1;30;90;45m8[0;1;30;90;43m8[0;1;30;90;45m8[0;1;30;90;43m8[0;1;31;91;45m8[0;33;5;40;100m.[0;1;30;90;47m88[0;33;5;40;100m.[0;33;5;41;101mS[0;1;30;90;47m8[0;1;31;91;47m@[0;37;5;47;107m8[0;1;35;95;47m%[0;1;37;97;5;43;103m8[0;1;35;95;47mS[0;37;5;47;107m8[0;1;37;97;47m [0;1;37;97;5;43;103m8[0;1;35;95;47m%[0;37;5;47;107m8[0;1;35;95;47m%[0;1;33;93;5;47;107m8[0;1;37;97;47m [0;1;33;93;47m%[0;1;35;95;47mX[0;33;47m8[0;1;31;91;47m@[0;1;30;90;47m8[0;1;31;91;47m@[0;35;47mS[0;37;5;41;101m8[0;35;5;40;100m:[0;1;30;90;47m8[0;1;31;91;47mX[0;1;30;90;47m88[0;1;30;90;43m8[0;1;37;97;47m:[0;37;5;47;107m88[0;1;37;97;47m%[0;37;5;47;107m8[0;1;37;97;47m: [0;35;47mS[0;1;30;90;47m8[0;1;37;97;47m [0;37;5;47;107m888888888[0;1;30;90;47m8[0;33;47m8[0;1;35;95;47mS[0;1;33;93;47mXS%[0;1;31;91;47mS8[0;1;30;90;47m8[0;1;37;97;47m..[0;37;5;47;107m8[0;37;5;43;103m8[0;1;31;91;47m@[0;1;30;90;47mX[0;33;5;40;100m%[0;31;40mt[0;34;40m:[0;31;40m.[0;34;40m [0;31;40m.:.[0;34;40m.:[0;1;30;90;40m8[0;30;5;40;100m@[0;34;40m%[0;31;40m:[0;32;40m.[0;34;40m [0;31;40m    [0m
[0;34;40m            [0;31;40m :S[0;33;5;40;100m%t[0;35;5;40;100m:[0;33;5;40;100mt[0;35;5;40;100m;.[0;33;5;40;100m.[0;33;47m8[0;35;5;40;100m;[0;1;30;90;47m8[0;1;30;90;45m8[0;1;30;90;43m8[0;37;45m8[0;1;30;90;43m8[0;35;47m8[0;1;30;90;43m8[0;35;5;40;100m.[0;1;30;90;47m8[0;31;43m8[0;1;30;90;45m8[0;1;30;90;43m8[0;1;30;90;47m88[0;31;43m8[0;1;30;90;45m8[0;1;33;93;47mS[0;37;5;47;107m8[0;1;37;97;47m [0;37;5;47;107m8[0;37;5;43;103m8[0;1;35;95;5;47;107m8[0;1;37;97;47m [0;1;33;93;5;47;107m8[0;1;35;95;47m%[0;1;37;97;5;43;103m8[0;37;5;45;105m8[0;1;33;93;5;47;107m8[0;1;37;97;47m [0;37;5;47;107m8[0;1;33;93;47mS[0;1;37;97;47m [0;1;31;91;47mX[0;1;30;90;47m8[0;33;47m@[0;1;30;90;47m8[0;35;5;41;101m8[0;1;30;90;47mS[0;33;47m@[0;1;31;91;47m8[0;35;47m8[0;1;30;90;47m8[0;37;5;47;107m88888[0;1;37;97;47mtt[0;37;5;47;107m8[0;1;37;97;47m%[0;37;5;47;107m88888888888[0;1;30;90;47m88[0;35;47mX[0;1;35;95;47mS[0;1;33;93;47mX[0;31;45m8[0;33;5;40;100m;[0;1;37;97;47m [0;1;33;93;47m%[0;1;37;97;47m [0;1;31;91;47mX[0;35;47m8[0;33;47mX[0;35;5;40;100m;[0;30;41m8[0;34;40m.[0;32;40m.[0;34;40m  [0;32;40m  [0;31;40m  .[0;34;40m.[0;31;40m::[0;32;40m.[0;34;40m      [0m
[0;34;40m           [0;31;40m :[0;31;5;40;100m@[0;35;5;40;100m t[0;33;5;40;100m;[0;35;5;40;100m;[0;33;5;41;101mX[0;1;30;90;47m8[0;1;30;90;45m8[0;1;31;91;43m8[0;35;5;40;100m;.[0;33;5;41;101m@[0;1;30;90;47m8[0;33;5;40;100mt[0;1;31;91;43m8[0;35;5;40;100m:[0;33;5;40;100m;[0;35;5;41;101mX[0;37;5;40;100mS[0;33;5;40;100m;[0;35;5;40;100m.[0;33;47m8[0;1;30;90;45m8[0;31;43m8[0;1;30;90;45m8[0;1;30;90;47m8[0;33;41m@[0;1;37;97;47m  [0;37;5;47;107m8[0;1;33;93;47mS[0;37;5;47;107m8[0;37;5;43;103m8[0;37;5;47;107m8[0;1;35;95;47mS[0;1;37;97;5;43;103m8[0;1;37;97;47m [0;37;5;47;107m8[0;1;37;97;47m [0;37;5;43;103m8[0;1;37;97;47m [0;37;5;47;107m8[0;1;37;97;47m [0;37;5;47;107m8[0;1;37;97;47m [0;1;31;91;47mX[0;1;30;90;47m8[0;1;30;90;43m8[0;35;47m8X[0;33;47m@[0;35;41m8[0;1;30;90;47m;[0;37;5;47;107m888[0;1;37;97;47mS[0;37;5;47;107m88888888888888888[0;1;37;97;47m. [0;1;30;90;43m8[0;1;30;90;45m8[0;1;30;90;47mt8[0;33;5;40;100mt[0;35;5;40;100mS[0;31;43m8[0;1;30;90;41mX8S[0;31;40m;[0;32;40m. [0;34;40m   [0;32;40m     [0;34;40m .[0;32;40m.[0;34;40m       [0m
[0;34;40m          [0;31;40m.t[0;33;5;40;100mt[0;35;5;40;100m;[0;33;5;40;100m;:[0;1;30;90;45m8[0;1;30;90;43m8[0;35;5;40;100m .[0;1;30;90;43m8[0;35;47m8[0;33;5;40;100m;[0;35;5;40;100m.[0;37;5;40;100m;[0;35;5;40;100mt[0;1;30;90;45m8[0;33;5;40;100m [0;1;30;90;43m8[0;37;45m8[0;33;5;40;100mt;[0;35;5;41;101mX[0;1;30;90;47m8[0;1;30;90;41m8[0;37;5;40;100m;[0;1;30;90;47m8[0;1;30;90;41m8[0;31;5;40;100m@8[0;1;30;90;47m8[0;1;37;97;47m [0;1;37;97;5;43;103m8[0;37;5;45;105m8[0;37;5;47;107m8[0;1;35;95;47mS[0;37;5;43;103m8[0;37;5;47;107m8[0;1;35;95;47mS[0;37;5;47;107m8[0;37;5;43;103m8[0;1;35;95;5;47;107m8[0;37;5;47;107m8[0;1;33;93;47mS[0;1;37;97;47m [0;1;33;93;5;47;107m8[0;1;35;95;47mS[0;37;5;47;107m8[0;1;33;93;47m%[0;1;37;97;47m [0;1;31;91;47mX[0;1;30;90;43m8[0;35;47m@[0;1;30;90;47m8[0;33;5;40;100m%[0;37;5;47;107m888888888[0;1;37;97;47m@[0;37;5;47;107m888[0;1;37;97;47m@[0;37;5;47;107m888[0;1;37;97;47mX[0;37;5;47;107m88[0;1;37;97;47m8[0;37;5;47;107m888[0;1;30;90;47m;@@XX8[0;1;30;90;41m8[0;31;40m:[0;34;40m.[0;32;40m  [0;34;40m     [0;32;40m    [0;34;40m [0;32;40m  [0;34;40m        [0m
[0;34;40m         [0;31;40m.[0;1;30;90;40mX[0;33;5;40;100m;[0;35;5;40;100m;[0;33;5;40;100m;[0;35;5;40;100m:[0;1;31;91;43m8[0;1;30;90;47m8[0;35;5;40;100m;[0;33;47m8[0;1;31;91;45m8[0;33;5;40;100m [0;1;30;90;43m8[0;1;31;91;45m8[0;1;30;90;47m8[0;1;31;91;43m8[0;33;5;40;100m [0;37;43m8[0;1;30;90;45m8[0;31;43m8[0;33;5;40;100m [0;1;30;90;43m8[0;1;30;90;47m8[0;33;5;40;100mt;.[0;33;41m8[0;31;5;40;100m8[0;30;5;40;100m8[0;1;30;90;40m@[0;33;5;40;100m%[0;1;30;90;41m8[0;1;37;97;47m  [0;1;37;97;5;43;103m8[0;1;37;97;47m [0;1;33;93;5;47;107m8[0;37;5;45;105m8[0;1;37;97;5;43;103m8[0;1;37;97;47m [0;37;5;47;107m8[0;1;35;95;47mS[0;37;5;43;103m8[0;37;5;47;107m8[0;37;5;45;105m8[0;1;37;97;5;43;103m8[0;37;5;45;105m8[0;1;37;97;5;43;103m8[0;1;37;97;47m [0;37;5;47;107m8[0;1;37;97;47m [0;37;5;47;107m8[0;1;37;97;47m [0;33;5;41;101m:[0;33;5;40;100m.[0;1;37;97;47m:[0;37;5;47;107m88[0;1;37;97;47mS[0;37;5;47;107m888[0;1;37;97;47mX[0;37;5;47;107m8888[0;1;37;97;47m@[0;37;5;47;107m888[0;1;37;97;47mX[0;37;5;47;107m888[0;1;37;97;47m@[0;37;5;47;107m888[0;1;37;97;47m [0;1;30;90;47m%t[0;35;47mX[0;1;30;90;47mt[0;35;47mS[0;37;5;40;100m%[0;1;30;90;41m8[0;34;40m:         [0;32;40m      [0;34;40m        [0m
[0;34;40m        [0;32;40m [0;31;40m;[0;33;5;40;100mS[0;35;5;40;100m;[0;33;5;40;100m.:[0;1;30;90;45m8[0;37;5;40;100mt[0;1;30;90;43m8[0;1;31;91;45m8[0;33;5;40;100m..[0;33;47m8[0;1;30;90;45m8[0;1;30;90;43m8[0;35;5;40;100m. [0;1;31;91;45m8[0;33;5;40;100m:[0;1;30;90;43m8[0;1;30;90;45m8[0;1;30;90;43m8[0;37;45m@[0;31;43m8[0;1;30;90;45m8[0;33;47m8[0;1;30;90;41m8[0;37;5;40;100m8[0;1;30;90;47m;t[0;1;37;97;47mt[0;37;5;47;107mX8[0;33;41m@[0;1;37;97;47m [0;37;5;47;107m8[0;1;31;91;47mS[0;37;5;47;107m8[0;37;5;43;103m8[0;1;35;95;5;47;107m8[0;37;5;43;103m8[0;1;37;97;47m [0;37;5;47;107m8[0;1;37;97;47m [0;1;37;97;5;43;103m8[0;1;37;97;47m [0;37;5;47;107m8[0;1;33;93;47mS[0;37;5;47;107m8[0;1;37;97;47m [0;1;37;97;5;43;103m8[0;1;37;97;47m [0;37;5;43;103m8[0;37;5;47;107m8[0;1;37;97;47m [0;35;5;40;100m [0;37;5;47;107m888888888[0;1;37;97;47m@[0;37;5;47;107m888888888[0;1;37;97;47m@[0;37;5;47;107m88[0;1;37;97;47m8.[0;1;30;90;47mS[0;35;47m8[0;1;30;90;47m;[0;35;47mX[0;1;30;90;47mSS8[0;35;5;40;100m@[0;31;40m.[0;32;40m   [0;34;40m      [0;32;40m     [0;34;40m         [0m
[0;34;40m        [0;32;40m.[0;31;40m%[0;35;5;40;100m;[0;33;5;40;100m:[0;35;5;40;100m [0;1;31;91;43m8[0;1;30;90;47m8[0;1;30;90;45m8[0;1;30;90;43m8[0;1;30;90;47m8[0;1;30;90;43m8[0;1;30;90;45m8[0;1;30;90;43m8[0;35;5;40;100m [0;35;47m8[0;1;31;91;43m8[0;37;5;40;100mS[0;33;5;40;100m.[0;33;47m8[0;1;30;90;45m8[0;1;31;91;43m8[0;1;30;90;45m8[0;1;30;90;43m8[0;35;5;40;100m.[0;33;5;40;100m%[0;35;5;40;100m@[0;1;37;97;47m:[0;37;5;47;107mt:..:[0;1;37;97;47mX[0;35;5;40;100m [0;35;41m8[0;1;33;93;47m@[0;1;37;97;47m [0;37;5;47;107m8[0;1;37;97;47m  [0;37;5;47;107m8[0;37;5;43;103m8[0;1;37;97;5;45;105m8[0;37;5;43;103m8[0;1;37;97;5;45;105m8[0;37;5;43;103m8[0;37;5;47;107m8[0;1;35;95;47m%[0;1;37;97;5;43;103m8[0;37;5;45;105m8[0;37;5;47;107m8[0;1;37;97;47m [0;37;5;47;107m8[0;1;35;95;47mS[0;33;5;41;101m8[0;1;37;97;47mt[0;37;5;47;107m88888[0;1;37;97;47mX[0;37;5;47;107m88888[0;1;37;97;47m@[0;37;5;47;107m88[0;1;37;97;47m@[0;37;5;47;107m88[0;1;37;97;47m@[0;37;5;47;107m8888[0;1;37;97;47m%[0;1;30;90;47mt%%[0;35;47mX[0;1;30;90;47m%[0;35;47m@[0;1;30;90;47m@[0;35;5;40;100m;;[0;31;40mX[0;32;40m:[0;34;40m.[0;32;40m  [0;34;40m     [0;32;40m     [0;34;40m         [0m
[0;34;40m        .[0;31;40mX[0;33;5;40;100m .[0;1;30;90;47m8[0;35;5;40;100m%[0;1;30;90;43m8[0;35;5;40;100m.[0;1;30;90;45m8[0;1;30;90;43m8[0;1;30;90;45m8[0;37;43m8[0;1;30;90;45m8[0;1;31;91;43m8[0;35;5;40;100m  [0;33;5;40;100m [0;33;5;41;101mX[0;35;5;40;100m [0;33;5;40;100m [0;1;30;90;47m8[0;1;30;90;43m8[0;31;45m8[0;31;5;40;100m8[0;1;30;90;47m8[0;37;5;47;107m@;;.:X8X[0;35;5;40;100m :[0;1;30;90;41m@[0;1;31;91;45m8[0;1;37;97;47m:[0;37;5;47;107m8[0;37;5;43;103m8[0;1;37;97;5;45;105m8[0;1;37;97;47m [0;1;37;97;5;43;103m8[0;1;37;97;47m.[0;37;5;47;107m8[0;1;35;95;47m%[0;1;37;97;5;43;103m8[0;1;35;95;47mS[0;37;5;47;107m8[0;37;5;43;103m8[0;1;37;97;47m [0;1;33;93;5;47;107m8[0;1;35;95;47mS[0;1;33;93;47mX[0;35;5;40;100m%[0;37;5;47;107m8888[0;1;37;97;47mX[0;37;5;47;107m888[0;1;37;97;47m@[0;37;5;47;107m88888[0;1;37;97;47m8[0;37;5;47;107m888888[0;1;37;97;47m@X[0;1;30;90;47m%[0;35;47m@[0;1;30;90;47mX[0;35;47m@[0;1;30;90;47m%[0;35;47mX[0;1;30;90;47m%[0;1;30;90;45m8[0;33;5;40;100m.[0;35;5;40;100m [0;1;30;90;40m@[0;31;40m.[0;34;40m  [0;32;40m  [0;34;40m     [0;32;40m    [0;34;40m         [0m
[0;34;40m       [0;31;40m [0;34;40m.[0;1;30;90;40m@[0;33;5;40;100m.[0;35;5;40;100m;[0;33;5;41;101m8[0;35;5;40;100m [0;1;30;90;45m8[0;37;43m8[0;1;30;90;43m8[0;37;45m8[0;1;30;90;43m8[0;1;30;90;45m8[0;1;30;90;43m8[0;1;30;90;47m8[0;1;30;90;45m8[0;1;30;90;43m8[0;35;47m8[0;33;5;40;100m [0;37;5;40;100m:[0;33;5;41;101mX[0;35;5;40;100m;.[0;31;5;40;100m8[0;31;40m8[0;37;5;40;100mS[0;37;5;47;107m8. .;[0;1;30;90;47mS[0;31;5;40;100mX[0;1;37;97;47m [0;1;30;90;47m;[0;35;5;40;100m@[0;33;5;40;100m .[0;1;30;90;43m8[0;37;5;41;101m8[0;1;37;97;47m  [0;37;5;47;107m8[0;1;37;97;47m [0;37;5;47;107m8[0;1;31;91;5;43;103m8[0;37;5;47;107m8[0;1;37;97;47m [0;37;5;47;107m8[0;1;33;93;47mS[0;37;5;47;107m8[0;1;37;97;47m [0;37;5;47;107m8[0;1;33;93;47mX[0;37;5;41;101m8[0;1;30;90;47mt[0;37;5;47;107m@8[0;1;37;97;47m8[0;37;5;47;107m8888888[0;1;37;97;47m@[0;37;5;47;107m8[0;1;37;97;47m8[0;37;5;47;107m888[0;1;37;97;47m8[0;37;5;47;107m8[0;1;37;97;47m8[0;37;5;47;107m8[0;1;37;97;47m8[0;37;5;47;107m8[0;1;37;97;47m [0;1;30;90;47m@S[0;35;47mX[0;1;30;90;47m%;[0;35;47m@[0;1;30;90;47m8[0;35;5;40;100mt:.[0;31;40m@[0;34;40m:[0;32;40m.[0;34;40m                     [0m
[0;34;40m      [0;31;40m [0;32;40m [0;31;40m:8[0;33;5;40;100m:[0;35;5;40;100m.[0;37;5;40;100mS:[0;1;30;90;43m8[0;1;30;90;45m8[0;1;30;90;47m8[0;33;41m8[0;1;30;90;47m8[0;1;31;91;43m8[0;35;5;40;100m:[0;33;5;40;100m:[0;33;5;41;101mX[0;1;30;90;47m8[0;35;5;40;100mt[0;1;30;90;43m8[0;37;45m8[0;33;5;40;100m.[0;37;5;40;100m.[0;33;47m8[0;1;30;90;41m@[0;34;40m:[0;31;40mS[0;31;5;40;100m@[0;37;5;40;100mS[0;1;30;90;47m88[0;35;5;40;100m [0;37;5;40;100m@[0;35;5;40;100mt[0;37;5;40;100mS[0;35;5;40;100m [0;31;5;40;100m8[0;33;5;40;100m.[0;35;5;40;100m  t[0;35;41m8[0;1;31;91;43m8[0;35;5;41;101mS[0;1;33;93;47m%[0;1;31;91;47m8[0;1;35;95;47m@[0;1;31;91;47m8@[0;37;5;41;101m8[0;1;31;91;47mX[0;37;5;41;101m88[0;1;31;91;47m8[0;35;47mS[0;33;5;40;100mt[0;1;37;97;47m [0;37;5;47;107m88888[0;1;37;97;47m@[0;37;5;47;107m88[0;1;37;97;47m@[0;37;5;47;107m88888[0;1;37;97;47m8[0;37;5;47;107m8888[0;1;37;97;47m8[0;37;5;47;107m8[0;1;37;97;47mX[0;1;30;90;47m%[0;35;47m@[0;1;30;90;47mXS[0;35;47m@[0;1;30;90;47mS8[0;35;5;40;100m;t[0;33;5;40;100m;[0;35;5;40;100m.[0;1;30;90;40m@[0;31;40m:[0;32;40m [0;34;40m                     [0m
[0;34;40m      [0;32;40m  :[0;30;41m8[0;35;5;40;100m..[0;35;5;41;101mX[0;1;30;90;47m8[0;1;30;90;45m8[0;1;31;91;43m8[0;35;5;40;100m.[0;37;45m8[0;1;30;90;43m8[0;1;30;90;45m8[0;37;43m8[0;1;30;90;45m8[0;37;5;40;100m%[0;35;5;40;100m;[0;33;5;41;101mX[0;1;30;90;47m8[0;33;5;40;100m%[0;35;5;41;101m@[0;33;5;40;100m [0;1;30;90;41mX[0;34;40m.[0;31;40m.[0;32;40m.[0;34;40m.[0;31;40mS[0;35;5;40;100m;[0;1;30;90;47m8tSS%S[0;35;5;40;100m.X@ [0;37;5;40;100mXX[0;35;5;40;100m  [0;35;41m8[0;33;5;40;100m.[0;33;47m8[0;33;5;40;100m:[0;1;31;91;47m8[0;1;30;90;47m8[0;1;37;97;47m :[0;37;5;47;107m8[0;1;37;97;47m;[0;1;33;93;47mS[0;1;30;90;45m8[0;1;37;97;47mS[0;37;5;47;107m88[0;1;37;97;47m8[0;37;5;47;107m888[0;1;37;97;47m8[0;37;5;47;107m888[0;1;37;97;47m8[0;37;5;47;107m8[0;1;37;97;47m8[0;37;5;47;107m888[0;1;37;97;47m8[0;37;5;47;107m8[0;1;37;97;47m8[0;37;5;47;107m8[0;1;37;97;47mX[0;1;30;90;47mt%t[0;35;47m@[0;1;37;97;47m [0;1;30;90;47mt[0;35;47m8[0;1;30;90;47m8[0;35;5;40;100m:[0;33;5;40;100m%[0;35;5;40;100mt:[0;31;40m@[0;32;40m:[0;34;40m.[0;32;40m   [0;34;40m                  [0m
[0;34;40m      [0;32;40m [0;34;40m ;[0;33;5;40;100mS[0;35;5;40;100m:[0;37;5;40;100m;[0;33;5;40;100m.[0;1;30;90;43m8[0;35;5;40;100m [0;1;30;90;47m8[0;35;5;40;100m;[0;1;30;90;43m8[0;37;45m8[0;1;30;90;43m8[0;1;30;90;45m8[0;1;30;90;43m8[0;37;45m8[0;1;30;90;43m8[0;1;30;90;45m8[0;33;5;40;100m:[0;1;30;90;47m8[0;33;5;40;100mS[0;30;41mX[0;34;40m:[0;31;40m [0;34;40m  .[0;32;40m.[0;31;40m;[0;1;30;90;41m8[0;37;5;40;100m8[0;1;30;90;47mt[0;35;47m@[0;1;30;90;47mX:%[0;37;5;40;100m@88[0;35;5;40;100m; [0;37;5;40;100m8[0;35;5;40;100m [0;33;5;40;100mX[0;35;5;40;100m%[0;1;30;90;43m8[0;35;47m8[0;1;30;90;43m8[0;35;5;40;100m%[0;1;31;91;47m8[0;1;33;93;47mX[0;1;31;91;47mS[0;1;37;97;47m [0;1;30;90;43m8[0;1;30;90;47m8[0;37;5;47;107m88888[0;1;37;97;47m8[0;37;5;47;107m888[0;1;37;97;47m8[0;37;5;47;107m88888[0;1;37;97;47m8[0;37;5;47;107m8[0;1;37;97;47m8[0;37;5;47;107m8[0;1;37;97;47m8[0;37;5;47;107m8[0;1;30;90;47m.SSX[0;1;37;97;47m X[0;1;30;90;47m8[0;1;37;97;47m;[0;1;30;90;47m%[0;1;30;90;41m8[0;35;5;40;100mX[0;33;5;40;100m;[0;35;5;40;100m;[0;31;40mt[0;34;40m:[0;32;40m.[0;31;40m  [0;34;40m                   [0m
[0;34;40m     [0;31;40m .:[0;1;30;90;40mX[0;31;5;40;100m88[0;1;30;90;41m8[0;31;5;40;100m@88[0;1;30;90;41m88[0;31;5;40;100m88[0;35;5;40;100mX[0;1;30;90;43m8[0;1;30;90;45m8[0;1;30;90;43m8[0;37;45m8[0;1;30;90;43m8[0;1;30;90;45m8[0;31;43m8[0;1;30;90;41m8[0;34;40m:   [0;32;40m .[0;31;40m:[0;1;30;90;40m8[0;34;5;40;100mS[0;30;41m8[0;35;5;40;100mS[0;1;30;90;47mSX[0;35;47m8[0;1;30;90;47mS%S[0;37;5;40;100m8[0;1;30;90;47m@[0;35;5;40;100m;.8[0;31;5;40;100m@[0;33;5;40;100m.[0;1;30;90;45m8[0;1;30;90;43m8[0;35;47m8[0;31;43m@[0;35;5;40;100m%[0;1;30;90;41m8[0;1;30;90;43m8[0;35;47m8[0;1;30;90;41m8[0;1;30;90;47mX[0;37;5;47;107m888[0;1;37;97;47m8[0;37;5;47;107m888[0;1;37;97;47m@[0;37;5;47;107m888[0;1;37;97;47m8[0;37;5;47;107m8[0;1;37;97;47m8[0;37;5;47;107m88888[0;1;37;97;47m88[0;1;30;90;47m.t%[0;1;37;97;47m;[0;37;5;47;107m88[0;1;30;90;47m;:[0;1;37;97;47mX[0;31;5;40;100mS[0;35;5;40;100m@[0;33;5;40;100mt[0;35;5;40;100m;[0;32;40mt[0;31;40m:[0;34;40m.[0;32;40m    [0;34;40m                 [0m
[0;34;40m   [0;31;40m ;[0;1;30;90;40m88[0;30;5;40;100m@88888[0;34;5;40;100mX[0;30;5;40;100m8[0;34;5;40;100mS[0;30;5;40;100m@X8[0;31;5;40;100m8XX8[0;33;5;40;100mX[0;35;5;40;100m;[0;33;5;40;100m%[0;31;40m8[0;34;40m;    [0;31;40m.[0;34;40mt[0;33;5;40;100m [0;35;5;40;100m S:[0;1;30;90;47m8%[0;35;47m@[0;1;30;90;47m@t[0;35;47m8[0;1;30;90;47m:[0;35;47m8[0;1;30;90;47m:t[0;35;5;40;100mt[0;33;5;40;100mt[0;31;5;40;100m8[0;33;5;40;100m%[0;1;30;90;43m8[0;1;30;90;45m8[0;1;30;90;43m8[0;1;30;90;45m8[0;1;30;90;43m8[0;35;5;40;100m;[0;31;5;40;100mS[0;1;30;90;43m8[0;1;30;90;41m8[0;1;30;90;47m@[0;37;5;47;107m888[0;1;37;97;47mt8[0;37;5;47;107m8[0;1;37;97;47m8[0;37;5;47;107m88[0;1;37;97;47m8[0;37;5;47;107m8888[0;1;37;97;47m8[0;37;5;47;107m88[0;1;37;97;47m8[0;37;5;47;107m88[0;1;37;97;47m8SS8[0;37;5;47;107m88[0;1;37;97;47m8[0;37;5;47;107m8[0;1;30;90;47m@[0;1;37;97;47m;[0;35;5;40;100mX[0;31;5;40;100mX[0;35;5;40;100m t[0;31;40mS[0;34;40m:[0;32;40m.[0;31;40m   [0;32;40m [0;34;40m                 [0m
[0;34;40m  [0;31;40m.[0;34;40mt[0;30;5;40;100m8@8[0;34;5;40;100m8[0;30;5;40;100m8XX[0;35;5;40;100mt:[0;31;5;40;100m@[0;1;30;90;40m8[0;30;5;40;100m888[0;34;5;40;100m8[0;1;30;90;40m8[0;34;5;40;100m@[0;1;30;90;40m8[0;30;5;40;100m@[0;31;5;40;100m88[0;31;40mX[0;34;40mt[0;31;40m .[0;1;30;90;40mX[0;35;5;40;100mS[0;33;5;40;100m:[0;35;5;40;100m.[0;37;5;40;100mS[0;1;30;90;47m88[0;35;5;40;100m %8[0;31;5;40;100mS[0;35;5;40;100m.[0;1;30;90;47m@[0;35;47m@[0;1;30;90;47mtt;[0;35;47m8[0;1;30;90;47mt@[0;1;30;90;41m8[0;35;5;40;100m%[0;31;5;40;100m8[0;35;5;40;100mt[0;37;43m8[0;1;30;90;45m8[0;1;30;90;43m8[0;37;45m8[0;37;43m8[0;35;47m8[0;31;5;40;100mX[0;35;5;40;100m.[0;37;5;47;107m8888[0;1;30;90;47m@[0;1;37;97;47mt[0;37;5;47;107m88888[0;1;37;97;47m8[0;37;5;47;107m8[0;1;37;97;47m8[0;37;5;47;107m88[0;1;37;97;47m8[0;37;5;47;107m88[0;1;37;97;47m8[0;37;5;47;107m888[0;1;37;97;47m8[0;37;5;47;107m@[0;1;37;97;47m8[0;37;5;47;107m8@[0;1;37;97;47mX[0;1;30;90;47m8[0;1;37;97;47mX[0;35;5;40;100m;[0;31;5;40;100mS[0;36;5;40;100m.[0;33;5;40;100mS[0;34;40m;[0;32;40m.[0;31;40m    [0;34;40m                  [0m
[0;34;40m [0;31;40m:[0;1;30;90;40m8[0;30;5;40;100m8X[0;34;5;40;100m@[0;30;5;40;100m@88[0;34;5;40;100m8[0;1;30;90;40m@[0;35;5;40;100m: [0;34;5;40;100mS[0;30;5;40;100m88[0;34;5;40;100m8[0;30;5;40;100m88X8[0;1;30;90;40m8[0;30;5;40;100m@[0;35;5;40;100m%[0;30;5;40;100m8[0;1;30;90;40m8[0;31;40m;t[0;30;5;40;100mX[0;35;5;40;100m [0;37;5;40;100mX[0;35;5;40;100m [0;1;30;90;47m8[0;35;5;40;100m [0;1;30;90;47m8S;[0;35;5;40;100m [0;30;41m8[0;31;5;40;100mS[0;31;40m8[0;35;5;40;100mS[0;37;5;40;100mS8[0;35;47m8[0;1;30;90;47m@[0;35;5;40;100m.[0;1;30;90;47m8[0;35;5;40;100mXS[0;37;5;40;100m%[0;35;5;40;100m [0;1;30;90;41m8[0;35;5;40;100m;[0;1;30;90;43m8[0;1;30;90;45m8[0;1;30;90;43m8[0;35;47m8[0;1;30;90;43m8[0;35;5;40;100mt[0;37;5;47;107m8[0;1;37;97;47mS[0;37;5;47;107m88[0;1;37;97;47m8[0;1;30;90;47m8[0;1;37;97;47mS[0;37;5;47;107m8[0;1;37;97;47m8[0;37;5;47;107m8[0;1;37;97;47m8[0;37;5;47;107m8888888[0;1;37;97;47m8[0;37;5;47;107m888[0;1;37;97;47m8[0;37;5;47;107m8[0;1;37;97;47m8[0;37;5;47;107m8[0;1;37;97;47m8[0;37;5;47;107m8[0;1;37;97;47m8 [0;1;30;90;47m:[0;1;37;97;47mS[0;35;5;40;100m;[0;30;5;40;100mX[0;35;5;40;100m.[0;30;5;40;100m@[0;31;40m;[0;34;40m.[0;32;40m    [0;34;40m                  [0m
[0;31;40m.[0;30;5;40;100m8[0;35;5;40;100mt[0;30;5;40;100m8XSX[0;34;5;40;100m@[0;30;5;40;100m8888@8@88@@8[0;1;30;90;40m8S[0;30;5;40;100m8@[0;35;5;40;100mS[0;30;5;40;100mX[0;31;5;40;100mS[0;35;5;40;100mt [0;37;5;40;100m8[0;35;5;40;100m;ttS@[0;31;5;40;100m@[0;35;5;40;100m%[0;37;5;40;100m%[0;35;5;40;100m :%[0;31;5;40;100m88S[0;35;5;40;100m%[0;37;5;40;100m8[0;1;30;90;47m8[0;35;5;40;100m; [0;37;5;40;100mS[0;1;30;90;47m8[0;37;5;40;100mX[0;35;5;40;100m %[0;33;5;40;100mXt[0;35;41m8[0;1;30;90;43m8[0;35;5;40;100m@[0;1;37;97;47m [0;37;5;47;107m8888[0;1;37;97;47mt[0;1;30;90;47m@[0;1;37;97;47m8[0;37;5;47;107m88[0;1;37;97;47m8[0;37;5;47;107m88[0;1;37;97;47m8[0;37;5;47;107m8[0;1;37;97;47m8[0;37;5;47;107m8[0;1;37;97;47m8[0;37;5;47;107m888[0;1;37;97;47m8[0;37;5;47;107m888[0;1;37;97;47m8[0;37;5;47;107m8[0;1;37;97;47m8t;[0;1;30;90;47mX[0;1;37;97;47m%% [0;35;5;40;100m ;[0;30;5;40;100m8[0;34;40m:[0;32;40m.[0;31;40m     [0;34;40m                 [0m
[0;31;40m :[0;1;30;90;40mX[0;30;5;40;100m8[0;31;5;40;100mS[0;30;5;40;100m88[0;1;30;90;40m8[0;30;5;40;100m8[0;1;30;90;40m8[0;30;5;40;100m88@[0;1;30;90;40m8[0;30;5;40;100m@[0;1;30;90;40m8[0;34;5;40;100m8[0;1;30;90;40m88[0;32;5;40;100mS[0;37;5;40;100m@[0;1;30;90;47m:%8[0;37;5;40;100m88[0;33;5;40;100m [0;37;5;40;100mX8[0;35;5;40;100m [0;1;30;90;47mX[0;35;5;40;100m [0;1;30;90;47m8[0;35;5;40;100m [0;37;5;40;100mSS[0;35;5;40;100m   t[0;30;5;40;100m@[0;1;30;90;40m@S8[0;31;5;40;100m8[0;30;5;40;100m8[0;1;30;90;41m8[0;35;5;40;100mt .tt%[0;31;5;40;100m@[0;35;5;40;100m8[0;1;30;90;41m@[0;33;5;40;100m%[0;31;5;40;100m@[0;1;37;97;47m [0;37;5;47;107m8[0;1;37;97;47m@[0;37;5;47;107m88[0;1;37;97;47mS[0;1;30;90;47m@[0;1;37;97;47m:[0;37;5;47;107m88[0;1;37;97;47m8[0;37;5;47;107m88888888[0;1;37;97;47m8[0;37;5;47;107m888[0;1;37;97;47m8[0;37;5;47;107m8888[0;1;30;90;47m.[0;1;37;97;47m.;[0;1;30;90;47mX[0;1;37;97;47m%[0;37;5;47;107m88[0;1;30;90;47m@[0;1;30;90;40m8[0;30;5;40;100m8[0;31;40m:      [0;34;40m                 [0m
[0;34;40m [0;32;40m [0;31;40m:[0;30;5;40;100m8[0;1;30;90;40m88[0;30;5;40;100m8[0;1;30;90;40m@[0;31;5;40;100m8[0;1;30;90;40m@[0;31;40m8[0;30;5;40;100m8[0;31;40m8[0;31;5;40;100m@[0;1;30;90;40m8[0;30;5;40;100m8[0;31;40m@[0;30;5;40;100mX[0;1;30;90;47mS[0;1;37;97;47m8[0;37;5;47;107m8[0;1;37;97;47m@X;[0;1;30;90;47m;8[0;37;5;40;100m@@[0;35;5;40;100mt%%: [0;1;30;90;47m8[0;35;5;40;100m [0;1;30;90;47m8[0;37;5;40;100m88@[0;35;5;40;100m [0;37;5;40;100m8[0;35;5;40;100m ;[0;30;5;40;100m8[0;1;30;90;40m8[0;31;40mX[0;30;5;40;100m@[0;35;5;40;100m.:S[0;33;5;40;100m;[0;35;5;40;100m:.%[0;33;5;40;100mX[0;35;5;40;100m@[0;1;30;90;40m8[0;1;30;90;47mS[0;37;5;47;107m@8[0;1;37;97;47m@[0;37;5;47;107m88[0;1;37;97;47m:[0;1;30;90;47m8[0;1;37;97;47mX[0;37;5;47;107m8888[0;1;37;97;47m8[0;37;5;47;107m8[0;1;37;97;47m8[0;37;5;47;107m8[0;1;37;97;47m8[0;37;5;47;107m888[0;1;37;97;47m8[0;37;5;47;107m888[0;1;37;97;47m888[0;37;5;47;107m8[0;1;37;97;47m@[0;1;30;90;47m%8%[0;1;37;97;47mt8[0;37;5;47;107m8[0;1;30;90;47mt[0;31;5;40;100m8[0;34;40m.[0;32;40m.[0;31;40m.[0;32;40m  [0;31;40m   [0;34;40m                 [0m
[0;34;40m [0;32;40m [0;31;40m.%[0;31;5;40;100mS[0;30;5;40;100m8[0;31;40m8[0;35;5;40;100mX[0;31;5;40;100mS[0;33;5;40;100m;[0;35;5;40;100m:.:%[0;31;5;40;100mXS[0;1;30;90;47m8[0;1;37;97;47mS8[0;37;5;47;107m8[0;1;37;97;47m8[0;37;5;47;107m88888[0;1;37;97;47m8[0;37;5;47;107m8[0;1;37;97;47m8S.[0;1;30;90;47m  [0;1;37;97;47mtt[0;1;30;90;47m X[0;35;5;40;100m;[0;1;30;90;47m8[0;35;5;40;100m [0;1;30;90;47mX[0;37;5;40;100m8[0;35;5;40;100m [0;37;5;40;100m8[0;35;5;40;100m  %[0;31;5;40;100m8[0;30;5;40;100m8[0;31;5;40;100m8[0;34;5;40;100mS[0;35;5;40;100mt[0;33;5;40;100m%[0;30;5;40;100m8[0;1;30;90;40m@X[0;33;5;40;100m [0;37;5;47;107m8[0;1;37;97;47m8[0;37;5;47;107m88[0;1;37;97;47m@[0;37;5;47;107m8[0;1;30;90;47m@;[0;37;5;47;107m888888[0;1;37;97;47m8[0;37;5;47;107m888[0;1;37;97;47m8[0;37;5;47;107m888[0;1;37;97;47m8[0;37;5;47;107m8[0;1;37;97;47m8[0;37;5;47;107m8888[0;1;37;97;47mt[0;35;5;40;100mt [0;1;37;97;47m;X[0;37;5;47;107m88[0;1;30;90;47mX[0;35;5;40;100m%[0;32;40m;[0;31;40m:[0;34;40m.[0;32;40m    [0;34;40m                  [0m
[0;34;40m  .:[0;32;40m:[0;1;30;90;40m@@[0;33;5;40;100mX[0;35;5;40;100mt[0;33;5;40;100m;::[0;35;5;40;100m:[0;33;5;40;100m;[0;35;5;40;100mX[0;1;30;90;47mS[0;37;5;47;107m88888888[0;1;37;97;47m8[0;37;5;47;107m8[0;1;37;97;47mXSt;%8%[0;1;30;90;47mtt%%[0;35;5;40;100m.[0;1;30;90;47mS[0;35;5;40;100m; [0;1;30;90;47mX[0;35;5;40;100m.[0;1;30;90;47mS[0;37;5;40;100m8[0;35;5;40;100m [0;37;5;40;100m8[0;35;5;40;100m [0;37;5;40;100m8[0;35;5;40;100m;%[0;31;5;40;100m8[0;1;30;90;40m88[0;30;5;40;100m@[0;31;5;40;100mX[0;1;37;97;47m;[0;37;5;47;107m8[0;1;37;97;47m8[0;37;5;47;107m888[0;1;37;97;47m [0;1;30;90;47m@[0;37;5;47;107m8[0;1;37;97;47m@SX8[0;37;5;47;107m8888[0;1;37;97;47m8[0;37;5;47;107m88[0;1;37;97;47m8[0;37;5;47;107m8[0;1;37;97;47m8[0;37;5;47;107m888[0;1;37;97;47m8[0;37;5;47;107m8[0;1;37;97;47m8[0;1;30;90;47m8[0;31;5;40;100m8[0;33;5;40;100m [0;37;5;47;107m8888[0;1;37;97;47m;[0;37;5;40;100mX[0;35;5;40;100m:[0;31;40m;[0;34;40m:[0;32;40m.[0;31;40m [0;32;40m  [0;34;40m                   [0m
[0;34;40m [0;32;40m . [0;31;40m.;[0;31;5;40;100m8[0;35;5;40;100m:[0;33;5;40;100m;::[0;35;5;41;101mS[0;1;30;90;47m8[0;1;30;90;41m8[0;33;5;40;100m8[0;1;37;97;47m;[0;37;5;47;107m8[0;1;37;97;47m@[0;37;5;47;107m8[0;1;37;97;47m8[0;37;5;47;107m8[0;1;37;97;47m8[0;37;5;47;107m888[0;1;37;97;47m@:[0;1;30;90;47m%[0;35;5;40;100m [0;37;5;40;100m8[0;35;5;40;100m [0;37;5;40;100m8[0;35;5;40;100m   .[0;1;30;90;47m@[0;1;30;90;45m8[0;1;30;90;47m8[0;37;5;40;100m8[0;35;5;40;100m;:[0;1;30;90;47mX[0;35;5;40;100mS[0;1;30;90;47mX[0;35;5;40;100m [0;1;30;90;47mS[0;35;5;40;100m:[0;37;5;40;100m8[0;35;5;40;100m [0;37;5;40;100m@8[0;35;5;40;100m%[0;31;40mS[0;1;30;90;40m@[0;30;5;40;100mX[0;1;37;97;47m%[0;37;5;47;107m88[0;1;37;97;47m8[0;37;5;47;107m88[0;1;30;90;47m8[0;1;37;97;47m  [0;1;30;90;47mttS:[0;1;37;97;47m%8[0;37;5;47;107m@[0;1;37;97;47m8[0;37;5;47;107m@8[0;1;37;97;47m8[0;37;5;47;107m888[0;1;37;97;47m8[0;37;5;47;107m8888[0;37;5;40;100mS[0;35;5;40;100mt[0;33;5;40;100mt[0;1;37;97;47m:[0;37;5;47;107m8888[0;1;30;90;47mX[0;35;5;40;100m  [0;31;40mt[0;32;40m:[0;34;40m.[0;31;40m   [0;34;40m                   [0m
[0;34;40m    .[0;31;40mX[0;33;5;40;100m..[0;35;5;40;100m;[0;1;31;91;43m8[0;37;5;40;100m@[0;33;5;40;100m.;[0;31;5;40;100mX[0;35;5;40;100m [0;37;5;47;107m88[0;1;37;97;47m@[0;37;5;47;107m8888[0;1;37;97;47m8[0;37;5;47;107m888[0;1;37;97;47m@ [0;37;5;40;100m8[0;35;5;40;100m [0;1;30;90;47m%[0;35;5;40;100m:[0;1;30;90;47m;[0;1;30;90;45m8[0;1;30;90;47mt[0;35;5;40;100m:[0;1;30;90;47mX[0;35;5;40;100m [0;1;30;90;47m@[0;35;5;40;100m;[0;1;30;90;47mt[0;35;5;40;100m;. :[0;1;30;90;47mS[0;35;5;40;100m%[0;1;30;90;47m@[0;35;5;40;100m.[0;1;30;90;47mS[0;35;5;40;100m:[0;37;5;40;100m8[0;35;5;40;100mS[0;30;5;40;100m888[0;1;37;97;47m [0;37;5;47;107m88[0;1;37;97;47m8[0;37;5;47;107m8[0;1;37;97;47m;[0;1;30;90;47m8[0;1;37;97;47m [0;1;30;90;47m%[0;35;47m8[0;1;30;90;47m%[0;35;47m8[0;1;30;90;47mt%;[0;1;37;97;47m;88[0;37;5;47;107m@[0;1;37;97;47m8[0;37;5;47;107m88[0;1;37;97;47m8[0;37;5;47;107m8[0;1;37;97;47m88:[0;35;5;40;100m [0;37;5;40;100m;[0;33;5;40;100m [0;1;30;90;47m8[0;37;5;47;107m88[0;1;37;97;47m88[0;1;30;90;47m [0;35;5;40;100m.[0;1;30;90;47m@[0;35;5;40;100m@[0;32;40m:[0;31;40m.[0;34;40m [0;31;40m  [0;34;40m                    [0m
[0;34;40m   [0;31;40m .[0;33;5;40;100mt[0;35;5;40;100m:[0;33;5;40;100m.[0;35;5;40;100m..[0;33;5;40;100m.[0;1;31;91;43m8[0;35;5;40;100m [0;31;5;40;100m@[0;1;30;90;47m%[0;37;5;47;107m8888[0;1;37;97;47m8[0;37;5;47;107m888[0;1;37;97;47m8[0;37;5;47;107m888[0;1;37;97;47m@[0;1;30;90;47m [0;35;47m8[0;1;30;90;47m@[0;35;5;40;100m:[0;1;30;90;47mX[0;37;5;40;100m8[0;35;5;40;100m.[0;35;47m8[0;35;5;40;100m [0;1;30;90;47m%[0;35;5;40;100mt[0;1;30;90;47mX[0;35;5;40;100mt[0;1;30;90;47mtX[0;1;30;90;45m8[0;1;30;90;47mS[0;35;5;40;100m;[0;37;5;40;100m8[0;35;5;40;100m; .[0;1;30;90;47mX[0;35;5;40;100m;[0;31;5;40;100mS[0;30;5;40;100m888@[0;1;30;90;47mS[0;37;5;47;107m888[0;1;30;90;47m@XS%[0;35;47m@[0;1;30;90;47mtt[0;35;47m8[0;1;30;90;47mt[0;35;47m8[0;1;30;90;47mSt..; [0;1;37;97;47m@[0;37;5;47;107m88[0;1;37;97;47mX[0;1;30;90;47m8[0;35;5;40;100m.[0;1;30;90;47m88[0;35;5;40;100m:[0;1;37;97;47m .[0;1;30;90;47m%8[0;35;5;40;100m.[0;1;30;90;47mX[0;35;5;40;100m:%[0;31;40mt[0;32;40m.[0;34;40m.[0;31;40m   [0;34;40m                    [0m
[0;34;40m  [0;31;40m [0;32;40m [0;31;40m.[0;31;5;40;100m8[0;35;5;40;100m .[0;37;5;41;101m8[0;33;5;40;100m [0;1;30;90;47m8[0;1;30;90;45m8[0;33;5;40;100m.[0;31;5;40;100m@[0;1;37;97;47m:[0;37;5;47;107m888[0;1;37;97;47m8[0;37;5;47;107m88[0;1;37;97;47m8[0;37;5;47;107m888[0;1;37;97;47m@:[0;1;30;90;47m%t;;[0;1;30;90;45m8[0;37;5;40;100m8[0;35;5;40;100m [0;1;30;90;47m;[0;35;5;40;100m.[0;1;30;90;47mt[0;1;30;90;45m8[0;1;30;90;47m8[0;35;5;40;100m:[0;1;30;90;47mX[0;1;30;90;45m8[0;37;5;40;100m88[0;35;5;40;100m [0;1;30;90;47m%[0;35;5;40;100m:[0;1;30;90;47m:[0;35;47m8[0;35;5;40;100m . 8[0;1;30;90;40m8[0;30;5;40;100m88@[0;1;30;90;40m8[0;1;30;90;47mS[0;37;5;47;107m8[0;1;37;97;47m8[0;1;30;90;47m%X[0;35;47m8[0;1;30;90;47mtt[0;35;47m8[0;1;30;90;47m;t[0;35;47m8[0;1;30;90;47m%t[0;35;47m8[0;1;30;90;47mS[0;35;47m8[0;1;30;90;47mtS:[0;1;37;97;47m@[0;37;5;47;107m8[0;37;5;40;100mS[0;35;5;40;100m;[0;1;30;90;47m8[0;35;47mX[0;33;41m8[0;1;30;90;47m88[0;35;5;40;100m.[0;1;30;90;47m8[0;35;5;40;100m [0;1;30;90;47mX[0;35;5;40;100m;[0;37;5;40;100m8[0;31;40m8[0;34;40m;[0;32;40m.[0;31;40m     [0;34;40m                   [0m
[0;34;40m     [0;31;40mt[0;33;5;40;100mS[0;35;5;40;100m:[0;33;5;40;100m:[0;1;31;91;43m8[0;35;5;40;100m.[0;1;30;90;43m8[0;35;5;40;100m.[0;31;5;40;100m@[0;1;37;97;47m.: S[0;37;5;47;107m8888[0;1;37;97;47m@% [0;1;30;90;47m@8Xt[0;35;47m8[0;1;30;90;47mX[0;37;5;40;100m8[0;35;5;40;100m [0;35;47m8[0;35;5;40;100m [0;1;30;90;47mt[0;35;5;40;100m%[0;1;30;90;47m8[0;35;5;40;100m [0;1;30;90;47m%[0;35;5;40;100mt[0;1;30;90;47m8[0;35;5;40;100m [0;1;30;90;47mS[0;35;5;40;100m:[0;1;30;90;47m%[0;1;30;90;45m8[0;37;5;40;100m8[0;35;5;40;100m [0;1;30;90;47m.[0;1;30;90;45m8[0;1;30;90;47m8[0;1;30;90;40m8[0;30;5;40;100m@@X[0;35;5;40;100m8[0;1;30;90;40m@[0;30;5;40;100m8[0;35;5;40;100m [0;1;37;97;47m@[0;1;30;90;47m;X%[0;35;47m8[0;1;30;90;47mSX[0;35;47m8[0;1;30;90;47m@X[0;35;47m8[0;1;30;90;47m@XSSS[0;35;47m8[0;1;30;90;47mXX8[0;31;5;40;100m8[0;1;30;90;47m88[0;1;30;90;41m8[0;35;5;40;100m [0;37;5;40;100mX[0;1;30;90;45m8[0;1;30;90;47m88[0;1;30;90;45m8[0;1;30;90;47m8[0;35;5;40;100mX[0;31;40mX[0;34;40m;[0;32;40m:[0;31;40m.     [0;34;40m                   [0m
[0;34;40m     [0;31;40m%[0;35;5;40;100m%[0;1;30;90;43m8[0;1;30;90;45m8[0;1;30;90;47m8[0;35;5;40;100m;[0;1;30;90;45m8[0;1;30;90;43m8[0;1;30;90;41m8[0;37;5;40;100m@SS@[0;1;30;90;47m@[0;1;37;97;47m :[0;1;30;90;47m t[0;37;5;40;100m8[0;35;5;40;100m [0;37;5;40;100m8[0;35;5;40;100m:[0;1;30;90;47m8[0;35;5;40;100mt[0;37;5;40;100m8[0;35;5;40;100m:[0;1;30;90;47mX[0;35;5;40;100m [0;1;30;90;47m%[0;35;5;40;100m;[0;37;5;40;100m8[0;35;5;40;100m [0;1;30;90;47m%[0;1;30;90;45m8[0;1;30;90;47m@[0;35;5;40;100m [0;1;30;90;47m%[0;35;5;40;100m;[0;1;30;90;47m%[0;1;30;90;45m8[0;37;5;40;100m888[0;35;5;40;100m.[0;1;30;90;47m%[0;35;5;40;100m  8[0;1;30;90;40m8[0;30;5;40;100m@[0;35;5;40;100m@[0;33;5;40;100mS[0;1;30;90;40m8[0;31;5;40;100m@[0;1;30;90;40m8[0;30;41m8[0;35;5;40;100m8[0;31;5;40;100m8[0;35;5;40;100m8[0;31;5;40;100m@8[0;31;40m@[0;31;5;40;100mS[0;1;30;90;40m8[0;1;30;90;41m8[0;1;30;90;40m8[0;1;30;90;41m8[0;1;30;90;40m8[0;1;30;90;41m8[0;34;40m8[0;1;30;90;41m8[0;31;5;40;100mS[0;35;5;40;100mS[0;31;5;40;100m8[0;30;41m8[0;30;5;40;100m@[0;30;41mX8[0;31;5;40;100m@[0;30;5;40;100m8[0;1;30;90;41m8[0;31;5;40;100m8[0;1;30;90;41m8[0;31;5;40;100m88[0;31;40m%;[0;32;40m:[0;31;40m.[0;34;40m   [0;31;40m  [0;34;40m                     [0m
[0;34;40m    .[0;31;40m%[0;33;5;40;100m%[0;35;5;40;100m:[0;1;30;90;43m8[0;1;31;91;45m8[0;37;43m8[0;33;5;40;100m:[0;1;30;90;45m8[0;31;5;40;100m8[0;35;5;40;100mS[0;37;5;40;100m%@[0;35;5;40;100m [0;1;30;90;47mX[0;35;5;40;100m.[0;1;30;90;47m@[0;35;5;40;100m:[0;37;5;40;100m8[0;35;5;40;100m [0;1;30;90;47mS[0;35;5;40;100m:[0;1;30;90;47mX[0;35;5;40;100mt[0;1;30;90;47mX[0;35;5;40;100m.[0;1;30;90;47mS[0;35;5;40;100mt[0;1;30;90;47m%[0;35;5;40;100m%[0;1;30;90;47mS[0;35;5;40;100m;[0;1;30;90;47m%[0;35;5;40;100mt[0;1;30;90;47mS[0;35;5;40;100m:[0;1;30;90;47mt[0;1;30;90;45m8[0;1;30;90;47mX[0;35;5;40;100m;[0;1;30;90;47mS[0;35;5;40;100m.[0;1;30;90;47mS[0;1;30;90;45m8[0;1;30;90;47m%[0;35;5;40;100mt[0;1;30;90;47m;[0;35;5;40;100m%[0;30;5;40;100m8@[0;1;30;90;40m8[0;35;5;40;100mS[0;36;5;40;100m;[0;31;40m%[0;30;5;40;100m8X[0;1;30;90;40m88[0;30;5;40;100m@[0;31;40mS[0;30;5;40;100m8[0;34;5;40;100mXX[0;30;5;40;100m8[0;34;5;40;100m8[0;30;5;40;100m88[0;34;40m8[0;30;5;40;100m8[0;1;30;90;40m@[0;30;5;40;100m8[0;1;30;90;40m@[0;34;40mX[0;1;30;90;40m88[0;30;5;40;100m888[0;1;30;90;40m888@@@[0;34;40mX[0;1;30;90;40m8S[0;31;40m.[0;34;40m.[0;32;40m [0;34;40m                          [0m
[0;34;40m   [0;32;40m .[0;34;40m.[0;30;41m8[0;35;5;40;100m;[0;37;5;40;100m;[0;33;5;40;100m:.[0;37;5;41;101m8[0;33;5;40;100m.;[0;31;5;40;100m8[0;35;5;40;100m.[0;1;30;90;47m8[0;35;5;40;100m.[0;1;30;90;47mS[0;1;30;90;45m8[0;1;30;90;47m8[0;37;5;40;100m8[0;35;5;40;100m.[0;35;47m8[0;37;5;40;100m8[0;35;5;40;100m.[0;1;30;90;47mX[0;35;5;40;100m;[0;1;30;90;47mX[0;35;5;40;100m:[0;1;30;90;47mS[0;35;5;40;100m;[0;1;30;90;47mX[0;35;5;40;100m;[0;37;5;40;100m8[0;35;5;40;100m:[0;1;30;90;47mS[0;35;5;40;100m;[0;1;30;90;47mS[0;35;5;40;100m;[0;37;5;40;100m88[0;35;5;40;100m.[0;1;30;90;47mS[0;35;5;40;100m;[0;1;30;90;47mS[0;35;5;40;100mt[0;1;30;90;47mX[0;35;5;40;100m;[0;1;30;90;47m%[0;35;5;40;100m%[0;37;5;40;100m8[0;35;5;40;100m@[0;1;30;90;40mX8[0;30;5;40;100m@[0;35;5;40;100m:[0;1;30;90;40m88[0;31;5;40;100mS[0;35;5;40;100m [0;1;30;90;47m:.t@[0;30;5;40;100mX[0;35;5;40;100m%[0;36;5;40;100m:[0;35;5;40;100m%[0;34;5;40;100mS[0;35;5;40;100mt[0;36;5;40;100m;[0;1;30;90;40m8[0;35;5;40;100m [0;1;30;90;47mX[0;35;5;40;100m.:t:t[0;1;30;90;40m88[0;30;5;40;100m@[0;1;30;90;40m8[0;30;5;40;100m8[0;1;30;90;40m@[0;34;5;40;100m8[0;31;5;40;100m@[0;33;5;40;100mt[0;35;5;40;100mS[0;31;5;40;100mS[0;32;40m;[0;34;40m.[0;31;40m [0;32;40m [0;34;40m                         [0m
[0;34;40m    [0;31;40m [0;34;40m.[0;31;40m:S[0;30;41m8[0;1;30;90;41m8@[0;30;5;40;100mX[0;33;5;40;100mS[0;35;5;40;100m; [0;1;30;90;41m8[0;35;5;40;100m@[0;37;5;40;100m@[0;35;5;40;100m [0;1;30;90;47mX[0;35;5;40;100m:[0;1;30;90;47mS[0;35;5;40;100m.[0;1;30;90;47mX[0;35;5;40;100m:[0;35;47m8[0;35;5;40;100m [0;1;30;90;47m%[0;1;30;90;45m8[0;35;5;40;100m %t;[0;1;30;90;47m@[0;35;5;40;100m:[0;1;30;90;47m;[0;1;30;90;45m8[0;1;30;90;47mX[0;35;5;40;100m;[0;1;30;90;47m%[0;35;5;40;100m%[0;1;30;90;47mX[0;35;5;40;100m:[0;1;30;90;47mS[0;35;5;40;100mt[0;1;30;90;47mX[0;35;5;40;100m;[0;1;30;90;47mS[0;35;5;40;100mt[0;37;5;40;100m8[0;35;5;40;100m [0;37;5;40;100m8[0;30;5;40;100m@@@[0;31;5;40;100mX[0;35;5;40;100m:[0;30;5;40;100m888@8[0;35;5;40;100m@[0;30;5;40;100mX[0;35;5;40;100m:%[0;36;5;40;100mt[0;35;5;40;100m:[0;33;5;40;100m.[0;35;5;40;100m .;t:%[0;31;5;40;100mS[0;30;5;40;100m8888[0;1;30;90;40m8[0;30;5;40;100m8[0;34;40m8[0;30;5;40;100mX[0;34;40m8[0;30;5;40;100m8[0;1;30;90;40m8[0;30;5;40;100m@@8[0;1;30;90;40m8[0;30;5;40;100m8[0;31;40mt[0;32;40m.[0;34;40m                          [0m
[0;34;40m   [0;31;40m  [0;32;40m [0;34;40m.[0;32;40m..  [0;31;40m tSX;t[0;35;5;40;100mX[0;37;5;40;100mS8[0;35;5;40;100m.[0;35;47m8[0;37;5;40;100m8[0;35;5;40;100m:[0;1;30;90;47mt[0;35;5;40;100m.[0;1;30;90;47mt[0;35;5;40;100mt[0;1;30;90;47mS[0;35;5;40;100m: [0;1;30;90;47m%[0;35;5;40;100m.[0;1;30;90;47mS[0;1;30;90;45m8[0;37;5;40;100m88[0;35;5;40;100m [0;1;30;90;47m%[0;35;5;40;100m%[0;1;30;90;47mX[0;35;5;40;100mt[0;1;30;90;47mS[0;1;30;90;45m8[0;1;30;90;47m@[0;35;5;40;100m:[0;1;30;90;47mS[0;1;30;90;45m8[0;1;30;90;47mS[0;35;5;40;100m:[0;1;30;90;47m;[0;35;5;40;100mt8[0;31;40m%[0;34;5;40;100mX[0;1;30;90;40m8[0;30;5;40;100m88[0;1;30;90;40m8[0;31;40mS[0;1;30;90;40m8@[0;30;5;40;100m@8[0;33;5;40;100m%[0;36;5;40;100m;[0;35;5;40;100m:[0;36;5;40;100m [0;35;5;40;100m  [0;36;5;40;100m    ;[0;34;5;40;100mS[0;31;40mX[0;1;30;90;40m8[0;30;5;40;100m8[0;1;30;90;40m8[0;34;5;40;100m8[0;1;30;90;40m8[0;30;5;40;100mX8888[0;1;30;90;40m88[0;31;40m8[0;30;5;40;100m8[0;33;5;40;100m..[0;30;5;40;100m8[0;31;40m:[0;34;40m                         [0m
[0;34;40m   [0;31;40m [0;32;40m   [0;34;40m  [0;32;40m  [0;34;40m   ..[0;32;40m.[0;31;40m:[0;35;5;40;100mt[0;37;5;40;100m88[0;35;5;40;100m.[0;1;30;90;47mt[0;1;30;90;45m8[0;1;30;90;47mX[0;1;30;90;45m8[0;1;30;90;47mX[0;35;5;40;100m:[0;1;30;90;47mX[0;35;5;40;100m [0;1;30;90;47m%[0;35;5;40;100mt[0;1;30;90;47mS[0;35;5;40;100m;[0;1;30;90;47m@[0;35;5;40;100m.[0;1;30;90;47mX[0;35;5;40;100m:[0;37;5;40;100m8[0;35;5;40;100m.[0;1;30;90;47mS[0;35;5;40;100m;[0;1;30;90;47m@[0;35;5;40;100m [0;1;30;90;47mX[0;35;5;40;100m:[0;1;30;90;47mX[0;35;5;40;100m [0;1;30;90;47m%[0;1;30;90;45m8[0;37;5;40;100m8[0;35;5;40;100m.[0;34;5;40;100mS[0;1;30;90;40m8[0;30;5;40;100m@@8[0;1;30;90;40m8[0;31;40m%[0;34;40mt[0;31;40m:;[0;1;30;90;40m8[0;31;5;40;100m@[0;35;5;40;100m%[0;33;5;40;100mX[0;35;5;40;100m:[0;1;30;90;47m8@@[0;35;5;40;100m   :[0;31;5;40;100mS[0;1;30;90;40m88[0;31;5;40;100mS[0;35;5;40;100m;t[0;30;5;40;100m@[0;34;5;40;100mX[0;30;5;40;100m88[0;1;30;90;40m8[0;34;5;40;100m@[0;30;5;40;100m8[0;31;5;40;100m@[0;30;5;40;100mS[0;35;5;40;100m;[0;37;5;40;100m%[0;35;5;40;100m  [0;37;5;40;100mX[0;35;5;40;100mt[0;1;30;90;40m8[0;31;40mt[0;34;40m.[0;32;40m.[0;31;40m    [0;34;40m                 [0m
[0;34;40m    [0;32;40m   [0;34;40m  [0;32;40m  [0;34;40m    [0;32;40m   [0;31;40m:[0;35;5;40;100m8;[0;37;5;40;100m8[0;35;5;40;100m.[0;1;30;90;47mS[0;35;5;40;100m.[0;1;30;90;47mS[0;35;5;40;100m;[0;1;30;90;47m%[0;1;30;90;45m8[0;1;30;90;47mS[0;35;5;40;100mt[0;1;30;90;47mS[0;1;30;90;45m8[0;1;30;90;47m@[0;35;5;40;100m.[0;1;30;90;47m%[0;1;30;90;45m8[0;1;30;90;47m%[0;35;5;40;100m;[0;35;47m8[0;35;5;40;100m [0;1;30;90;47mt[0;1;30;90;45m8[0;1;30;90;47mX[0;35;5;40;100m;[0;1;30;90;47m%[0;1;30;90;45m8[0;1;30;90;47mX[0;35;5;40;100mS[0;37;5;40;100m8[0;35;5;40;100m:[0;1;30;90;47mX[0;35;5;40;100mt[0;31;5;40;100mS[0;30;5;40;100m@[0;31;5;40;100mX[0;1;30;90;40m8[0;31;40mt[0;34;40m%[0;1;30;90;40m8[0;31;5;40;100mX[0;36;5;40;100m:[0;31;5;40;100m8[0;33;5;40;100m [0;1;30;90;47mt[0;1;37;97;47m :;tt[0;37;5;47;107m8[0;1;37;97;47m:[0;37;5;47;107m8[0;1;37;97;47m. [0;1;30;90;47m8[0;33;5;40;100m;;[0;37;5;40;100m%[0;1;30;90;47mS[0;1;37;97;47m:%SSt[0;1;30;90;47m t8X888[0;31;5;40;100mX[0;35;5;40;100mt[0;31;5;40;100mS[0;1;30;90;40m8[0;31;40mt[0;32;40m:[0;34;40m.[0;31;40m.[0;34;40m                    [0m
[0;34;40m    [0;32;40m       [0;34;40m    [0;32;40m     [0;31;40m%[0;35;5;40;100mX: [0;1;30;90;47mS[0;35;5;40;100m:[0;1;30;90;47mX[0;35;5;40;100m;[0;1;30;90;47m@[0;35;5;40;100m:[0;1;30;90;47m%[0;35;5;40;100mt[0;1;30;90;47mX[0;35;5;40;100m:[0;1;30;90;47mt[0;35;5;40;100mt[0;1;30;90;47m@[0;35;5;40;100m;[0;1;30;90;47mt[0;35;5;40;100m:[0;35;47m8[0;35;5;40;100m [0;1;30;90;47mS[0;35;5;40;100m;[0;1;30;90;47m%[0;1;30;90;45m8[0;1;30;90;47m8[0;35;5;40;100m.[0;1;30;90;47m;[0;35;5;40;100m;[0;1;30;90;47mS[0;35;5;40;100mt[0;37;5;40;100m8[0;35;5;40;100m8[0;30;5;40;100m8[0;37;5;40;100m8[0;35;5;40;100m;t[0;33;5;40;100m;[0;35;5;40;100m [0;37;5;40;100m8[0;33;5;40;100m S[0;1;30;90;47mS[0;1;37;97;47m;;t[0;1;33;93;47m%[0;37;5;47;107m8[0;1;33;93;47mX[0;1;37;97;47m [0;37;5;47;107m8[0;1;33;93;47mX[0;37;5;47;107m8[0;1;37;97;47m  [0;1;31;91;47m@[0;1;30;90;47m88[0;33;5;40;100m.t[0;35;5;40;100m [0;1;37;97;47mt[0;37;5;47;107m8[0;1;37;97;47m8[0;37;5;47;107m88[0;1;37;97;47m88[0;37;5;47;107m8[0;1;37;97;47mX.[0;1;30;90;47mS[0;31;5;40;100m@[0;32;40m.[0;34;40m.[0;32;40m.[0;34;40m.[0;31;40m.[0;34;40m                     [0m
[0;34;40m    [0;32;40m      [0;34;40m     [0;32;40m     .[0;34;40m [0;31;40m;S[0;34;40m@[0;31;5;40;100m@[0;35;5;40;100m8X%t; [0;37;5;40;100m8[0;35;5;40;100m.[0;1;30;90;47mX[0;35;5;40;100m;[0;37;5;40;100m8[0;35;5;40;100m.[0;1;30;90;47m%[0;35;5;40;100m:[0;1;30;90;47mS[0;35;5;40;100m:[0;1;30;90;47mX[0;35;5;40;100mt.[0;37;5;40;100m8[0;35;5;40;100m;:;;%:;[0;30;5;40;100m8[0;31;40mt:t[0;30;5;40;100m8[0;35;5;40;100m:[0;37;5;40;100mS%[0;35;5;40;100m .[0;1;37;97;47m:[0;37;5;47;107m8[0;1;33;93;47mS[0;37;5;47;107m8[0;1;37;97;47m  [0;37;5;47;107m8[0;37;5;43;103m8[0;1;37;97;47m [0;37;5;47;107m8[0;1;33;93;47mS[0;37;5;47;107m8[0;37;5;43;103m8[0;1;37;97;47m [0;1;31;91;47m@[0;33;47m@[0;35;47mX[0;33;47mX[0;35;47m8[0;33;5;40;100m%[0;35;5;40;100m.[0;1;30;90;47m%[0;1;37;97;47m;[0;37;5;47;107m88[0;1;37;97;47m@[0;1;30;90;47m@[0;1;37;97;47m;[0;37;5;47;107m8[0;1;37;97;47m:[0;35;5;40;100m.[0;31;40mt[0;32;40m.[0;34;40m.[0;31;40m.[0;32;40m [0;34;40m                     [0m
[0;34;40m     [0;32;40m     [0;34;40m     [0;32;40m     [0;34;40m .::[0;31;40m:[0;34;40m [0;32;40m  [0;31;40m :tS[0;34;40mS[0;31;40m8S[0;1;30;90;40m8[0;31;40m8[0;34;5;40;100m@[0;31;40mX[0;34;40m@[0;31;40m@[0;34;40mX[0;31;40mS[0;34;40m@[0;31;40mX[0;34;40m%[0;31;40m%[0;34;40mS[0;31;40mXt[0;34;40m;[0;31;40m;. [0;34;40m..[0;32;40m:[0;31;40m:[0;31;5;40;100mX[0;35;5;40;100m  [0;33;5;40;100m;[0;1;37;97;47m  .[0;1;33;93;5;47;107m8[0;1;37;97;47m [0;1;33;93;5;47;107m8[0;1;37;97;47m [0;37;5;47;107m8[0;1;37;97;47m [0;37;5;47;107m8[0;37;5;41;101m8[0;37;5;47;107m8[0;1;37;97;47m [0;37;5;47;107m8[0;1;37;97;47m  [0;1;31;91;47m@@[0;1;30;90;47m8[0;1;31;91;47m@[0;1;30;90;47m8[0;35;47mX[0;1;30;90;47m8[0;33;5;40;100m.[0;1;30;90;41m8[0;33;5;40;100m:[0;37;5;40;100mS[0;1;30;90;47m8[0;31;5;40;100m8[0;30;5;40;100m8[0;31;5;40;100mS[0;35;5;40;100m [0;30;5;40;100m@[0;31;40m.[0;34;40m.[0;32;40m    [0;34;40m                   [0m
[0;34;40m        [0;32;40m [0;34;40m      [0;32;40m        .      [0;34;40m.:[0;31;40m:[0;34;40m;:::[0;31;40m .:[0;34;40m:[0;31;40m:[0;34;40m:[0;31;40m:[0;34;40m:[0;32;40m.[0;34;40m:[0;31;40m:[0;34;40m:.[0;31;40m.[0;32;40m.[0;31;40m  [0;32;40m  [0;34;40m.t[0;33;5;40;100mt[0;35;5;40;100m %[0;1;37;97;47m [0;37;5;47;107m8[0;37;5;43;103m8[0;37;5;47;107m8[0;1;35;95;47mX[0;37;5;43;103m8[0;37;5;45;105m8[0;1;37;97;5;43;103m8[0;1;35;95;47mS[0;1;37;97;5;43;103m8[0;37;5;47;107m88[0;37;5;43;103m8[0;1;35;95;5;47;107m8[0;37;5;43;103m8[0;37;5;47;107m88[0;1;33;93;47mX[0;1;35;95;47mX[0;33;47m8[0;35;47m@[0;1;31;91;47m8[0;33;47m8[0;35;5;41;101m@[0;1;30;90;47m8[0;31;5;40;100m8[0;31;40mt::..[0;34;40m.[0;31;40m:[0;34;40m.[0;31;40m.[0;32;40m.[0;34;40m  [0;32;40m [0;34;40m                    [0m
[0;34;40m               [0;32;40m        [0;31;40m [0;32;40m          [0;31;40m     [0;34;40m [0;31;40m  [0;32;40m..[0;31;40m .[0;32;40m. .  [0;31;40m   [0;32;40m  [0;31;40m:[0;1;30;90;40m8[0;35;5;40;100m [0;33;5;40;100m%[0;1;30;90;47m8[0;1;37;97;47m [0;37;5;47;107m8[0;1;35;95;47mS[0;37;5;43;103m8[0;1;35;95;47mS[0;1;33;93;47mS[0;1;37;97;47m [0;37;5;41;101m8[0;1;37;97;47m  [0;1;33;93;47mS[0;1;35;95;5;47;107m8[0;1;33;93;47mS[0;37;5;47;107m8[0;1;35;95;47m%[0;37;5;43;103m8[0;37;5;45;105m8[0;1;37;97;47m;[0;1;33;93;47m%[0;1;37;97;47m [0;37;5;47;107m8[0;1;33;93;47mX[0;35;47mS[0;1;30;90;47m@[0;1;30;90;43m8[0;35;5;40;100m X[0;31;40mt[0;32;40m.[0;31;40m  [0;32;40m .[0;34;40m                          [0m
[0;34;40m                [0;32;40m       [0;31;40m [0;32;40m          [0;31;40m           [0;34;40m [0;31;40m        [0;32;40m  [0;31;40m.[0;30;5;40;100m8[0;33;5;40;100mt[0;35;5;40;100m%[0;1;37;97;47m:.[0;1;37;97;5;43;103m8[0;1;37;97;47m [0;37;5;47;107m8[0;1;33;93;47mS[0;1;37;97;47m   [0;37;5;43;103m8[0;1;35;95;5;47;107m8[0;37;5;43;103m8[0;1;37;97;47m [0;37;5;47;107m8[0;1;33;93;5;41;101m8[0;1;35;95;47mS[0;1;37;97;47m [0;1;33;93;5;47;107m8[0;37;5;47;107m8[0;1;33;93;47mS[0;37;5;41;101m8[0;33;47m8[0;1;37;97;47m   [0;37;5;47;107m8[0;33;47mX[0;1;37;97;47m [0;1;30;90;47m8[0;31;40mS   [0;34;40m                           [0m
[0;34;40m                 [0;32;40m                 [0;31;40m                    [0;32;40m  [0;31;40m t[0;31;5;40;100m8[0;33;5;40;100m [0;37;5;47;107m8[0;1;33;93;47mS[0;37;5;47;107m8[0;1;31;91;47mSS[0;1;37;97;47m [0;37;5;47;107m8[0;37;5;43;103m8[0;37;5;47;107m8[0;1;31;91;47m@[0;1;37;97;47m  [0;37;5;41;101m8[0;37;5;47;107m8[0;1;37;97;47m [0;1;33;93;47m8[0;35;5;41;101m;[0;1;37;97;47mt    [0;1;31;91;47m@[0;37;5;47;107m8[0;1;33;93;47mS[0;1;35;95;47mS[0;33;5;41;101mt[0;1;30;90;47mt8[0;31;40m@[0;32;40m.[0;31;40m   [0;34;40m                          [0m
[0;34;40m                      [0;32;40m            [0;31;40m                    [0;32;40m  [0;34;40m  [0;31;40mt[0;31;5;40;100m8[0;33;47m@[0;37;5;47;107m8[0;37;5;41;101m8[0;1;33;93;47m%[0;1;35;95;47m%[0;1;31;91;5;43;103m8[0;1;35;95;47m8[0;1;31;91;47mS[0;37;5;47;107m8[0;33;5;41;101m [0;1;33;93;47mS[0;1;37;97;47m  [0;1;33;93;47mX[0;1;37;97;47m  [0;1;30;90;47mX[0;1;37;97;47m  [0;1;33;93;5;47;107m8[0;1;35;95;47m%[0;37;5;47;107m8[0;37;5;41;101m8[0;1;37;97;47m;[0;37;5;47;107m8[0;1;37;97;47m; [0;33;5;40;100m:[0;1;30;90;47m8[0;31;40mS     [0;34;40m                         [0m
[0;34;40m                      [0;32;40m            [0;31;40m                    [0;32;40m  [0;34;40m .[0;32;40m.[0;31;40m%[0;30;41m8[0;33;5;40;100m [0;1;37;97;47m     [0;1;33;93;47m%S[0;35;5;40;100m%[0;1;30;90;47m8[0;1;37;97;47m  [0;37;5;47;107m8[0;1;37;97;47m [0;1;33;93;47m%[0;35;5;41;101m;[0;1;37;97;47m [0;1;33;93;47mS[0;1;35;95;47mS[0;37;5;43;103m8[0;1;31;91;47m@[0;1;30;90;43m8[0;1;31;91;47m@[0;33;47m8[0;1;30;90;43m8[0;1;30;90;41mS[0;31;40m8;.[0;32;40m [0;31;40m     [0;34;40m                        [0m
[0;34;40m                       [0;32;40m           [0;31;40m                   [0;34;40m [0;32;40m [0;34;40m [0;32;40m    [0;31;40m;8[0;30;41m8[0;1;30;90;41m@88[0;30;41mS8[0;31;40mXX8[0;30;41mX%tt8[0;1;30;90;40m@[0;31;40m@[0;30;41m8@[0;31;40m8S%SX%[0;34;40m:.[0;32;40m    [0;31;40m    [0;34;40m                        [0m
