[0;34;40m                                                                               [0;30;5;40;100m8[0;36;5;40;100m:[0;31;40m:[0;34;40m.[0;32;40m    [0;34;40m                                 [0m
[0;34;40m                                                                             [0;1;30;90;40m8[0;35;5;40;100m [0;1;30;90;47m8[0;37;5;40;100mS[0;31;40mS[0;32;40m:[0;34;40m.[0;32;40m .[0;34;40m;[0;1;30;90;40m@8X[0;31;40m.[0;32;40m.[0;34;40m                            [0m
[0;34;40m                                                                           :[0;33;5;40;100m [0;1;30;90;47m8[0;35;47mX[0;1;30;90;47m8[0;33;5;40;100mX[0;34;40m;[0;1;30;90;40m8[0;33;5;40;100m%[0;35;5;40;100m;[0;33;5;40;100m .t[0;35;5;40;100m [0;1;30;90;47m8[0;31;40m%[0;34;40mt[0;1;30;90;40m8[0;30;5;40;100mX[0;33;5;40;100m;[0;35;5;40;100m;[0;33;5;40;100m:[0;35;5;40;100m.[0;33;5;40;100m;[0;34;40m                     [0m
[0;34;40m                                                                          [0;32;40m:[0;37;5;40;100mS[0;1;30;90;47m8[0;1;31;91;47m@[0;37;5;41;101m8[0;1;30;90;47m8[0;35;5;40;100m.[0;37;5;40;100mX[0;35;5;40;100m @[0;31;5;40;100m8S8[0;35;5;40;100m%[0;1;30;90;47m%8[0;37;5;40;100m@8[0;33;5;40;100m ;[0;31;5;40;100m888[0;35;5;40;100m.:[0;31;40m     [0;34;40m                [0m
[0;34;40m                                                                       [0;32;40m.[0;30;5;40;100m@[0;35;5;40;100m.[0;37;5;40;100m8[0;1;30;90;47m8[0;35;47m8[0;1;31;91;47m8[0;35;5;40;100m%[0;33;5;40;100m:[0;35;5;40;100m:%[0;1;30;90;41m8[0;33;5;40;100mX[0;1;30;90;45m8[0;33;5;40;100mS[0;35;41m8[0;33;5;40;100mX[0;1;30;90;41m8[0;31;5;40;100mX[0;33;5;40;100m;[0;31;5;40;100m@[0;35;5;40;100mX[0;31;5;40;100m8[0;35;5;40;100mX[0;31;5;40;100m8[0;33;5;40;100m :[0;31;40m;[0;32;40m.[0;34;40m                    [0m
[0;34;40m                                                                      ;[0;33;5;40;100m [0;1;30;90;47m8[0;35;5;40;100m [0;35;47m8[0;33;5;41;101m%[0;1;30;90;47m8[0;35;5;41;101mt[0;37;5;40;100mt[0;35;5;41;101m@[0;33;5;40;100m.[0;33;5;41;101m@[0;35;5;40;100mS[0;31;5;40;100mX[0;35;5;41;101m8[0;33;5;40;100m ;[0;31;45m8[0;33;5;40;100m.[0;1;30;90;45m8[0;33;5;40;100m;[0;1;31;91;45m8[0;33;5;40;100m%[0;35;5;40;100mX[0;1;30;90;41m8[0;37;5;40;100mX[0;33;5;40;100mt[0;31;40mt[0;1;30;90;40mX[0;34;40m%[0;32;40m;[0;31;40m.[0;34;40m                  [0m
[0;34;40m                                                                     [0;32;40m.[0;37;5;40;100mS[0;1;30;90;47m8[0;35;47mX[0;33;5;41;101mX[0;1;30;90;47mX[0;35;47m8[0;1;31;91;47m8[0;1;30;90;47m8[0;35;5;40;100m@[0;33;47m8[0;35;47m8[0;1;30;90;45m8[0;1;30;90;43m8[0;35;47m8[0;1;30;90;43m8[0;1;31;91;45m8[0;33;5;40;100m [0;33;5;41;101mS[0;1;30;90;47m8[0;31;5;41;101m@[0;37;5;40;100mS[0;33;5;40;100m.[0;35;5;41;101mX[0;33;5;40;100m%[0;1;30;90;47m@%[0;37;5;40;100m@@%[0;1;30;90;47m%[0;31;5;40;100mS[0;34;40m                   [0m
[0;34;40m                                                                    [0;31;40m.[0;35;5;40;100m:[0;1;30;90;47m88[0;1;31;91;47m8[0;35;47m8[0;37;5;41;101m8[0;35;47m8[0;37;5;41;101m8[0;37;45m8[0;33;5;41;101m;[0;35;47m@[0;37;5;41;101m8[0;33;5;40;100m;[0;35;5;41;101m%[0;35;5;40;100m.[0;1;30;90;45m8[0;1;30;90;43m8[0;35;47m8[0;1;30;90;45m8[0;33;5;40;100m:[0;1;30;90;45m8[0;33;5;41;101mS[0;1;30;90;47m8[0;35;5;40;100mX[0;1;30;90;41m8[0;33;5;40;100m;[0;35;5;40;100mX[0;1;30;90;41m8[0;31;5;40;100m@[0;33;5;40;100m :[0;31;40mt[0;34;40m%[0;32;40m%[0;31;40m:[0;34;40m.[0;32;40m   [0;34;40m            [0m
[0;34;40m                                                                    [0;30;5;40;100m8[0;37;5;40;100mS[0;1;30;90;45m8[0;1;31;91;47m8[0;1;30;90;45m8[0;1;31;91;47mX8[0;35;47m8[0;37;5;41;101m8[0;1;30;90;47m8[0;35;47m8[0;37;5;41;101m8[0;1;30;90;47m8[0;1;31;91;45m8[0;37;5;40;100m%[0;35;5;41;101mX[0;1;30;90;47m8[0;37;5;41;101m8[0;1;31;91;47m888[0;1;30;90;47m8[0;1;30;90;45m8[0;33;41m8[0;1;30;90;45m8[0;1;30;90;43m8[0;31;45m@[0;1;30;90;43m8[0;1;30;90;45m8[0;33;5;40;100m;[0;1;30;90;47m@[0;35;5;40;100m [0;37;5;40;100mt[0;33;5;40;100m [0;1;30;90;47m8[0;30;5;40;100m8[0;31;40m.    [0;34;40m           [0m
[0;34;40m                                                                  [0;31;40m [0;32;40m.[0;35;5;40;100m.[0;1;30;90;47m8[0;37;5;41;101m8[0;1;30;90;47m8[0;37;5;41;101m8[0;1;31;91;47m@[0;35;47m8[0;37;5;41;101m8[0;1;30;90;47m8[0;35;5;41;101m;[0;1;30;90;47m8[0;1;30;90;45m8[0;1;30;90;43m8[0;1;30;90;47m8[0;35;47m8[0;33;47m8[0;35;5;41;101mt[0;35;5;40;100m [0;1;30;90;45m8[0;33;5;40;100m.[0;37;5;41;101m8[0;1;31;91;47m8[0;35;47m8[0;33;5;40;100m%[0;35;41m8[0;35;5;40;100m:t[0;1;31;91;41m8[0;33;5;40;100m%[0;35;5;40;100mS[0;33;5;40;100m%[0;1;31;91;45m8[0;33;5;40;100m.[0;35;5;40;100mt[0;37;5;40;100m%[0;31;40mX[0;32;40m  [0;31;40m   [0;34;40m           [0m
[0;34;40m                                                                 [0;31;40m [0;30;5;40;100m@[0;37;5;40;100mX[0;1;30;90;47mt8[0;35;5;41;101mt[0;1;30;90;47m88[0;35;5;41;101m@[0;1;30;90;47m8[0;35;5;41;101mt[0;1;30;90;47m88[0;37;43m8[0;35;47mX[0;1;33;93;47mS[0;35;5;41;101mS[0;1;30;90;47m8888[0;1;31;91;43m8[0;1;30;90;45m8[0;35;5;40;100m;[0;1;31;91;41m8[0;35;5;40;100m.[0;35;5;41;101mS[0;33;5;40;100m [0;33;5;41;101m8[0;35;5;40;100m;:[0;1;31;91;45m8[0;33;5;40;100m:[0;35;5;41;101mS[0;37;5;40;100mX[0;33;5;40;100m%[0;1;30;90;47m8[0;30;41mX[0;32;40m:[0;34;40m.[0;31;40m   [0;32;40m [0;34;40m           [0m
[0;34;40m                                                                 [0;31;40m [0;35;5;40;100m. [0;35;47m8[0;1;30;90;47m8[0;35;47m8[0;1;37;97;47m [0;37;5;47;107m8[0;1;33;93;47m%[0;1;30;90;47m8S[0;33;47mS[0;1;35;95;47mS[0;1;33;93;47m@[0;1;31;91;47mX[0;1;37;97;47m  [0;1;33;93;47mX[0;35;47m@[0;1;33;93;47m@[0;1;35;95;47mS[0;1;37;97;47m [0;33;47m8[0;35;5;40;100m%[0;33;5;40;100m;[0;1;30;90;45m8[0;1;30;90;43m8[0;37;45m8[0;1;30;90;45m8[0;33;5;41;101mX[0;1;30;90;47m8[0;35;5;40;100m;[0;35;5;41;101mX[0;37;5;40;100m8[0;31;5;40;100mX[0;1;30;90;47m8[0;1;30;90;41m8[0;34;40m..[0;32;40m     [0;34;40m           [0m
[0;34;40m                                                                [0;31;40m  [0;33;5;40;100m:[0;37;5;40;100mt[0;35;5;41;101mS[0;37;5;40;100m.[0;1;33;93;47m@[0;37;5;47;107m8[0;1;37;97;47m.[0;37;5;47;107m888[0;1;33;93;47mX[0;1;31;91;47mX[0;1;37;97;47m  [0;1;31;91;47mX[0;33;47m@[0;1;31;91;45m8[0;1;30;90;43m8[0;31;45m8[0;1;30;90;43m8[0;1;30;90;47m8[0;1;33;93;47mS[0;35;5;41;101mX[0;33;5;40;100m:[0;35;5;41;101m@[0;37;5;40;100mt[0;33;5;41;101m8[0;1;30;90;47m8[0;1;30;90;45m8[0;35;5;41;101m8[0;37;5;40;100mX[0;33;5;40;100m:[0;1;30;90;41m8[0;35;5;40;100mt[0;1;30;90;47m8[0;30;5;40;100m8[0;31;40m. [0;32;40m     [0;34;40m           [0m
[0;34;40m                                                                [0;32;40m [0;31;40m [0;1;30;90;40m8[0;1;30;90;47m88[0;35;5;41;101m:[0;1;30;90;47mS[0;1;31;91;47mX[0;1;37;97;47m [0;1;33;93;5;47;107m8[0;37;5;47;107m8[0;1;33;93;47m%[0;1;35;95;47mS[0;1;33;93;47m@[0;35;5;41;101mt[0;1;30;90;47m8[0;1;30;90;45m8[0;31;43m8[0;35;5;40;100m: [0;1;30;90;47m8[0;33;47m8[0;1;31;91;47m8[0;1;37;97;47m [0;1;30;90;47m8[0;33;5;40;100m%[0;35;5;40;100m:[0;1;30;90;45m8[0;35;5;40;100m.[0;35;5;41;101m@[0;37;5;40;100m@[0;33;5;40;100m;[0;31;5;41;101m8[0;35;5;40;100m;[0;31;5;40;100m8[0;1;30;90;47m8[0;33;5;40;100m:[0;31;40mS[0;32;40m       [0;34;40m           [0m
[0;34;40m                                                                [0;31;40m .;[0;35;5;40;100m [0;1;30;90;47m8[0;1;30;90;45m8[0;33;47mS[0;1;31;91;47mS[0;33;5;41;101mX[0;1;30;90;45m8[0;1;33;93;47mX[0;1;37;97;47m [0;1;33;93;47mS[0;37;45m8[0;1;30;90;47m8[0;1;30;90;43m8[0;37;5;40;100m;[0;1;30;90;47m88[0;1;37;97;47m [0;33;5;41;101m8[0;1;37;97;47m [0;1;30;90;47m@[0;1;37;97;47m [0;33;5;41;101mX[0;1;30;90;45m8[0;33;5;41;101mX[0;1;30;90;47m8[0;35;5;40;100mt[0;1;30;90;43m8[0;1;30;90;45m8[0;33;5;40;100mt[0;35;5;40;100m:[0;33;5;40;100m  :[0;31;5;40;100m8[0;34;40m.[0;32;40m       [0;34;40m           [0m
[0;34;40m                                                                  [0;31;40m.8[0;1;30;90;47m8[0;33;5;40;100m;[0;1;31;91;47m8[0;1;30;90;47m8X8[0;35;47m8[0;1;33;93;47mX[0;1;35;95;47mX[0;1;33;93;47m8[0;35;47mX[0;1;31;91;47mX[0;1;37;97;47m [0;1;30;90;47m@[0;1;37;97;47m [0;1;30;90;47mX[0;1;37;97;47m  [0;1;31;91;47mS[0;1;37;97;47m [0;1;30;90;47m8[0;33;5;40;100mt[0;35;5;40;100mt[0;33;47m8[0;35;47m@[0;33;47m@[0;1;31;91;43m8[0;1;30;90;47m@8[0;31;5;40;100m8[0;31;40m8;[0;34;40m [0;32;40m        [0;34;40m           [0m
[0;34;40m                                                                  ..[0;31;40m@[0;35;5;40;100m.[0;1;30;90;47m8X[0;1;37;97;47m:  [0;1;31;91;47m8[0;1;33;93;47mS[0;35;47mX[0;1;33;93;47mS[0;1;37;97;47m [0;33;47mS[0;1;30;90;47m8[0;33;47mS[0;1;31;91;47mS[0;1;37;97;47m [0;1;31;91;47mX[0;1;37;97;47m [0;1;33;93;47m@[0;1;31;91;45m8[0;1;30;90;47m8[0;33;47m8[0;1;31;91;45m8[0;1;30;90;47m8[0;35;5;40;100m.[0;1;30;90;47m@8[0;30;41m@[0;34;40m:[0;32;40m.[0;34;40m  [0;32;40m        [0;34;40m           [0m
[0;34;40m                                                                 [0;32;40m  .[0;31;40m.t[0;37;5;40;100mS[0;1;37;97;47m [0;37;5;47;107m88[0;1;33;93;47m%[0;1;37;97;47m  [0;1;33;93;47mX[0;1;35;95;47m8[0;1;33;93;47m8[0;1;35;95;47m@[0;1;33;93;47m@[0;1;35;95;47mX[0;1;33;93;47m@[0;35;47mX[0;1;33;93;47mX[0;1;31;91;47mX[0;1;37;97;47m [0;1;33;93;47m%[0;35;47mX[0;1;30;90;47m8[0;1;30;90;43m8[0;1;30;90;47m8[0;1;31;91;47mS[0;1;30;90;47m8[0;37;5;40;100m:[0;31;40m8[0;32;40m:[0;34;40m.[0;31;40m [0;34;40m [0;32;40m      [0;34;40m             [0m
[0;34;40m                                                                [0;32;40m   [0;34;40m .[0;31;40m:[0;33;5;40;100m [0;1;37;97;47m.[0;37;5;47;107m8[0;37;5;43;103m8[0;37;5;47;107m8[0;1;37;97;47m [0;1;31;91;47mX[0;1;30;90;47m8[0;1;30;90;43m8[0;1;30;90;45m8[0;33;47m8[0;1;31;91;47mS[0;1;33;93;47mS[0;35;47m@[0;1;33;93;47mS[0;1;35;95;47mX[0;1;33;93;47mX[0;35;47mX[0;1;33;93;47mS[0;1;31;91;47mX[0;1;30;90;47m8[0;1;37;97;47m [0;1;31;91;47m@[0;1;30;90;47m88[0;1;30;90;41mX[0;34;40m:[0;32;40m.[0;34;40m     [0;32;40m   [0;34;40m              [0m
[0;34;40m        .[0;1;30;90;40mS8[0;30;5;40;100mX[0;33;5;40;100m;[0;35;5;40;100m:[0;33;5;40;100m   [0;37;5;40;100mX[0;33;5;40;100m [0;37;5;40;100m8[0;33;5;40;100m [0;37;5;40;100mX[0;33;5;40;100m  :[0;31;5;40;100m%[0;30;5;40;100m@[0;1;30;90;40m8X[0;34;40m;[0;32;40m:[0;31;40m.[0;34;40m                                [0;32;40m  [0;34;40m [0;32;40m  [0;31;40m.[0;33;5;40;100m;[0;33;47m@[0;37;5;47;107m88[0;1;37;97;47m [0;31;5;41;101m;[0;33;5;40;100m%[0;35;41mX[0;1;30;90;41m8@8[0;37;5;40;100m;[0;1;37;97;47m [0;1;31;91;47mS[0;1;33;93;47mS[0;35;47mX[0;1;33;93;47mS[0;35;47m8[0;1;31;91;41m8[0;37;5;40;100m;[0;1;30;90;43m8[0;1;30;90;45m8[0;33;5;40;100m:[0;31;5;40;100m8[0;31;40mX[0;32;40m. [0;34;40m                       [0m
[0;34;40m    ;[0;30;5;40;100mX[0;33;5;40;100m: [0;1;30;90;47m88X@S;:.:;:::ttSXXX@XX[0;37;5;40;100m8@[0;33;5;40;100m   :[0;30;5;40;100mX[0;1;30;90;40m8[0;34;40m;[0;31;40m.[0;32;40m.[0;31;40m   [0;34;40m                    [0;32;40m     [0;31;40m.%[0;35;5;40;100m [0;33;47m8[0;1;37;97;47m [0;37;5;47;107m8[0;1;37;97;47m:[0;33;5;40;100mt%[0;35;5;40;100mX[0;33;5;40;100m%[0;35;5;40;100m:[0;1;31;91;47m@[0;1;33;93;47mS[0;1;35;95;47mS[0;1;33;93;47m@[0;35;47m@[0;1;31;91;47m8[0;33;47mX[0;1;30;90;47m88[0;35;5;40;100m8[0;30;41m8[0;31;40m%[0;32;40m;    [0;34;40m                      [0m
[0;34;40m [0;1;30;90;40m8[0;33;5;40;100m [0;37;5;40;100m@[0;1;30;90;47mXXX: [0;1;37;97;47m.[0;1;30;90;47m .[0;33;47mX[0;1;30;90;47m.[0;33;47m%[0;1;37;97;47m.[0;33;47mXSXXXX[0;1;30;90;47m%[0;33;47m8[0;1;30;90;47mt[0;33;47m8[0;1;30;90;47mt[0;33;47m8[0;1;30;90;47mt[0;33;47m@[0;1;30;90;47mtt;t@[0;37;5;40;100m888[0;1;30;90;47m8[0;33;5;40;100m  ;[0;30;5;40;100m8[0;1;30;90;40m%[0;34;40m.[0;31;40m     [0;34;40m                [0;32;40m   [0;34;40m.[0;31;40m:X[0;31;5;40;100m8[0;1;30;90;47m8[0;1;33;93;47m8[0;1;37;97;47m [0;37;5;47;107m8[0;1;37;97;47m.[0;1;33;93;47mS[0;1;37;97;47m [0;1;33;93;47mS[0;35;47m@[0;33;47m@[0;35;47m8[0;33;5;41;101m@[0;1;30;90;47m88[0;33;47mS[0;35;5;40;100m.[0;1;30;90;47m8[0;31;5;40;100mX[0;1;30;90;40m8[0;30;5;40;100m8@8[0;1;30;90;40m8[0;32;40mt[0;34;40m:[0;31;40m  [0;34;40m                    [0m
[0;34;40m [0;33;5;40;100m  [0;1;30;90;47m8  [0;33;47mS[0;1;30;90;47m:[0;33;47mX[0;1;37;97;47m.[0;1;33;93;47mS[0;1;37;97;47m  [0;33;47mS[0;1;37;97;47m [0;1;33;93;47mS[0;1;37;97;47m  [0;1;30;90;47m%[0;33;47mS[0;1;30;90;47m%[0;33;47mSS[0;1;30;90;47m%[0;33;47m@[0;1;30;90;47m%[0;33;47m@[0;1;30;90;47mt[0;33;47m@[0;1;30;90;47m%[0;33;47m@@X@[0;1;30;90;47mt[0;33;47m@[0;1;30;90;47mt[0;33;47m@[0;1;30;90;47m;;@[0;33;5;40;100m [0;1;30;90;47m88[0;37;5;40;100mX[0;33;5;40;100m:[0;1;30;90;40m8[0;31;40m:[0;34;40m.[0;32;40m     [0;34;40m            [0;32;40m    [0;34;40m..[0;31;40m;[0;30;41m8[0;1;30;90;47m88[0;1;33;93;47m@[0;1;35;95;47mX[0;33;5;41;101mS[0;1;30;90;47m8[0;35;41m8[0;33;5;40;100m%[0;1;30;90;45m8[0;1;30;90;43m8[0;35;5;40;100m [0;33;5;40;100m [0;33;5;41;101m@[0;35;5;40;100m [0;1;30;90;43m8[0;1;30;90;41m@[0;33;5;40;100m  .[0;35;5;40;100m:: [0;37;5;40;100m8[0;35;5;40;100m [0;1;30;90;40m8[0;31;40m.[0;34;40m                    [0m
[0;34;40m [0;1;30;90;40mS[0;33;5;40;100mt.[0;1;30;90;47m8[0;33;47m8[0;1;30;90;47m%[0;33;47mS[0;1;37;97;47m [0;33;47mX[0;1;37;97;47m    [0;33;47mS[0;1;37;97;47m [0;33;47mSS[0;1;37;97;47m [0;33;47mX[0;1;30;90;47mS[0;33;47mS[0;1;30;90;47mS[0;33;47mX[0;1;30;90;47m%[0;33;47mX[0;1;30;90;47m%[0;33;47mX[0;1;30;90;47m%[0;33;47mX[0;1;30;90;47m%t[0;33;47mX[0;1;30;90;47m%[0;33;47m@[0;1;30;90;47m%[0;33;47m@[0;1;30;90;47mt[0;33;47m8XS[0;1;30;90;47m:[0;33;47m8[0;1;30;90;47m888[0;37;5;40;100m8X[0;33;5;40;100m .[0;30;5;40;100mS[0;1;30;90;40mS[0;31;40m.[0;32;40m  [0;34;40m           [0;32;40m      [0;34;40m .[0;31;40mX[0;1;30;90;41m8[0;31;5;40;100m8[0;33;5;40;100mt[0;35;5;40;100m [0;1;30;90;47m%[0;33;5;40;100m:[0;1;30;90;43m88[0;1;30;90;45m8[0;1;30;90;43m8[0;35;5;40;100m:[0;33;5;40;100m:[0;31;5;40;100mX[0;35;5;40;100m8[0;31;5;40;100m8[0;34;5;40;100m8[0;30;5;40;100m@88[0;34;5;40;100mX[0;33;5;40;100m@. [0;37;5;40;100m@[0;33;5;40;100m:[0;1;30;90;40mX[0;31;40m.[0;34;40m                  [0m
[0;34;40m [0;31;40m :t8[0;33;5;40;100m: [0;1;30;90;47m8[0;33;47m8[0;1;30;90;47mX[0;1;33;93;47mS[0;1;30;90;47mX[0;1;33;93;47mS[0;1;37;97;47m  [0;33;47mS[0;1;37;97;47m [0;33;47mXS[0;1;30;90;47mX[0;1;33;93;47mS[0;1;30;90;47m8[0;1;33;93;47mS[0;1;30;90;47m8[0;1;33;93;47mS[0;1;30;90;47m8[0;1;33;93;47mS[0;1;30;90;47m8[0;33;47mS[0;1;30;90;47m%[0;33;47m@S[0;1;30;90;47mS[0;33;47mX[0;1;30;90;47m%[0;33;47mX[0;1;30;90;47m%[0;33;47mX[0;1;30;90;47mS[0;1;30;90;43m8[0;1;30;90;47m8[0;1;30;90;43m8[0;1;30;90;47mSt[0;33;47m@[0;1;30;90;47mX[0;33;47m@[0;1;30;90;47mt%88[0;37;5;40;100m8[0;33;5;40;100m  :[0;1;30;90;40m8[0;31;40m.[0;34;40m.[0;32;40m    [0;34;40m     [0;32;40m     [0;34;40m  ...[0;31;40mt[0;37;5;40;100m8[0;33;5;40;100mS[0;35;5;40;100m@[0;31;5;40;100m8@@X[0;1;30;90;41m8[0;30;5;40;100m@[0;31;5;40;100mX[0;1;30;90;40m@[0;30;5;40;100m8[0;31;5;40;100mSS[0;30;5;40;100m@8[0;31;5;40;100m8[0;30;5;40;100m@[0;35;5;40;100mS[0;33;5;40;100m:[0;35;5;40;100mS[0;30;5;40;100m8[0;33;5;40;100m t[0;34;40m                  [0m
[0;34;40m [0;31;40m  [0;32;40m.:[0;31;40m;@[0;33;5;40;100m.[0;1;30;90;47m8[0;33;5;40;100mS[0;37;5;40;100m;[0;1;37;97;47m [0;33;47mX[0;1;30;90;47mX[0;1;37;97;47m [0;1;33;93;47mS[0;1;30;90;47m8[0;1;37;97;47m [0;33;47mX[0;1;30;90;47m@[0;33;47mS[0;1;30;90;47m8X[0;1;33;93;47mS[0;1;30;90;47m8@@[0;1;33;93;47mS[0;1;30;90;47m8[0;1;33;93;47mS[0;1;30;90;47m8[0;1;33;93;47m%[0;1;30;90;47m8[0;1;33;93;47mS[0;1;30;90;47m8[0;1;33;93;47mS[0;1;30;90;47m@[0;1;33;93;47mS[0;1;30;90;47m8[0;37;5;40;100m;[0;1;30;90;47m88[0;1;30;90;43m8[0;1;30;90;47mS[0;1;30;90;43m8[0;1;30;90;47m88[0;33;47m8[0;1;30;90;47m%[0;33;47m8[0;1;30;90;47mt[0;33;47mX[0;1;30;90;47m:[0;37;5;40;100m8[0;33;5;40;100m:[0;1;30;90;47m8[0;37;5;40;100m8[0;33;5;40;100m;[0;34;40mt[0;31;40m.[0;32;40m.[0;31;40m   [0;34;40m   [0;32;40m     [0;34;40m .[0;31;40m;[0;1;30;90;40m8S[0;36;5;40;100m:[0;35;5;40;100m [0;1;30;90;41m@[0;1;30;90;40m8[0;30;5;40;100m8[0;34;5;40;100m8[0;1;30;90;40m@[0;1;30;90;44m8[0;1;30;90;40m8[0;30;5;40;100m8@X[0;35;5;40;100mS[0;32;5;40;100mS[0;30;5;40;100m88[0;34;5;40;100m8[0;30;5;40;100m@[0;34;5;40;100mX[0;36;5;40;100mt[0;35;5;40;100m%[0;36;5;40;100mX[0;30;5;40;100m@@[0;37;5;40;100m@[0;30;5;40;100mS[0;34;40m                 [0m
[0;34;40m [0;31;40m [0;34;40m  .[0;32;40m..[0;31;40m;X[0;35;5;40;100m%[0;33;5;40;100m; [0;33;47m@X[0;1;30;90;47m8[0;1;37;97;47m [0;1;33;93;47mS[0;1;30;90;47m8[0;1;37;97;47m [0;1;33;93;47mX[0;1;30;90;47m8[0;1;33;93;47mS[0;1;30;90;47m88[0;1;33;93;47mS[0;1;30;90;47m8[0;1;33;93;47mS[0;1;30;90;47m8@@[0;1;33;93;47mS[0;1;30;90;47m8@[0;33;47mS[0;1;30;90;47m@8[0;1;30;90;43m8[0;35;47m8[0;33;47m8[0;1;30;90;47m8[0;37;43m8[0;35;47m8[0;33;47mX[0;1;30;90;47m8[0;35;5;40;100m;[0;1;37;97;47m [0;37;43m8[0;1;30;90;47m8[0;33;47m8[0;1;30;90;47m8[0;33;47m@[0;1;30;90;47mt[0;33;47m@[0;1;30;90;47m;[0;33;47mX[0;1;30;90;47m8[0;37;5;40;100mXSX[0;33;5;40;100m t[0;1;30;90;40mX[0;34;40m:[0;1;30;90;40m8[0;33;5;40;100m%[0;35;5;40;100mt[0;33;5;40;100m. t[0;1;30;90;40mSS[0;35;5;40;100m;[0;33;5;40;100m:[0;36;5;40;100m [0;37;5;40;100mS[0;35;5;40;100m [0;33;5;40;100m  t[0;31;5;40;100m@[0;34;5;40;100m8[0;36;5;40;100mS[0;34;5;40;100mX[0;33;5;40;100mS::%[0;31;5;40;100mS88[0;1;30;90;40m8[0;31;5;40;100mX8@[0;35;5;40;100m%[0;33;5;40;100mX[0;34;5;40;100m@[0;30;5;40;100mX[0;34;5;40;100mS[0;30;5;40;100m@8[0;31;5;40;100mX[0;35;5;40;100m  [0;31;40m%[0;34;40m:[0;32;40m.[0;31;40m  [0;34;40m           [0m
[0;34;40m       .[0;32;40m.[0;31;40m:S[0;30;41m8[0;35;5;40;100m:[0;1;30;90;47m8[0;1;30;90;43m8[0;1;30;90;47m88[0;1;37;97;47m [0;33;47m@[0;35;47mS[0;33;47mS[0;1;30;90;47m8[0;1;33;93;47m%[0;1;30;90;47m88[0;1;33;93;47mS[0;35;47mX[0;33;47mX[0;1;33;93;47mS[0;1;30;90;47m88[0;1;33;93;47mS[0;1;30;90;47m8[0;1;33;93;47m%[0;1;30;90;47m8[0;33;47m@[0;37;45m8[0;1;30;90;43m8[0;1;30;90;47m8[0;37;5;41;101m8[0;1;30;90;47m8[0;1;30;90;43m8[0;1;30;90;45m8[0;1;33;93;47mX[0;1;30;90;47m8[0;33;47mX[0;1;30;90;45m8[0;33;47m8[0;1;30;90;47m8[0;33;47m8[0;1;30;90;47m@[0;33;47mX[0;1;30;90;47m%[0;33;47m@[0;1;30;90;47m%[0;33;47mX[0;1;30;90;47m%S8[0;33;5;40;100m [0;35;5;40;100m [0;37;5;40;100m8[0;1;30;90;47m@[0;33;5;40;100m.[0;31;5;40;100mS[0;30;5;40;100m8[0;33;5;40;100mX[0;37;5;40;100m@[0;35;5;40;100m  [0;33;5;40;100m X[0;31;5;40;100mS[0;33;5;40;100m%[0;31;5;40;100mX[0;33;5;40;100m:t[0;35;5;40;100mt [0;36;5;40;100m; [0;37;5;40;100m%[0;36;5;40;100m [0;1;30;90;47m:[0;37;5;47;107m8[0;31;43m8[0;35;41m@[0;1;30;90;41m8@@[0;31;43m8[0;1;30;90;41m8[0;31;43m8[0;33;41m8[0;1;31;91;41m8[0;1;30;90;43m8[0;1;31;91;41m@[0;31;5;40;100mX[0;30;5;40;100m8[0;34;5;40;100m88[0;30;5;40;100m88[0;35;5;40;100mt[0;37;5;40;100m8[0;33;5;40;100mX[0;34;40m              [0m
[0;34;40m       [0;31;40m   [0;32;40m.[0;34;40m:[0;31;40m;8[0;1;30;90;47m88[0;1;30;90;43m8[0;1;30;90;47m8[0;1;37;97;47m [0;1;33;93;47mX[0;1;30;90;47m8[0;1;37;97;47m [0;33;47mX[0;1;33;93;47m%[0;35;47mX[0;33;47mX[0;1;30;90;47mX[0;33;47mS[0;1;30;90;47m8[0;1;33;93;47m%[0;1;30;90;47m88[0;1;33;93;47m%[0;1;30;90;47m8[0;1;33;93;47mS[0;1;30;90;47m8[0;33;47m@[0;35;5;40;100m.[0;33;5;40;100m:[0;1;30;90;47m8[0;33;47m8[0;35;47m8[0;33;47m8[0;35;47mX[0;33;47mX[0;1;37;97;47m [0;1;33;93;47mS[0;35;47m8[0;37;43m8[0;1;30;90;47m8[0;33;47mS[0;1;30;90;47mS[0;1;33;93;47mX[0;1;30;90;47m8[0;1;33;93;47mS[0;1;30;90;47m@[0;33;47mXX[0;1;30;90;47m;8[0;33;47m8[0;1;37;97;47m%[0;1;33;93;47mS[0;33;47mX[0;1;30;90;47m88[0;37;5;40;100m%S[0;35;5;40;100m.[0;33;5;40;100mX[0;31;5;40;100m8[0;1;30;90;41m8[0;31;5;40;100m8[0;1;30;90;41m8[0;30;5;40;100m8[0;1;30;90;47m;[0;33;47mS[0;37;5;40;100m8[0;1;30;90;47m88[0;36;47m8[0;1;30;90;47m8[0;37;5;40;100mS[0;1;37;97;47m@[0;1;33;93;47mX[0;1;30;90;41m888[0;31;43m8[0;33;5;41;101m8[0;35;5;40;100m.[0;33;5;41;101m [0;33;47m8[0;31;5;41;101mX[0;33;5;40;100m.[0;31;5;41;101m;[0;33;5;40;100mt[0;1;30;90;41m8[0;31;5;40;100m8[0;1;30;90;40m8[0;30;5;40;100m8[0;34;5;40;100m8[0;30;5;40;100m8[0;33;5;40;100m .[0;37;5;40;100m8[0;30;5;40;100m8[0;31;40m [0;34;40m            [0m
[0;34;40m       [0;31;40m   [0;32;40m .[0;34;40m .[0;31;40mt[0;1;30;90;41m8[0;35;5;40;100m;[0;1;30;90;47m888[0;1;33;93;47mX[0;35;47m@[0;33;47mX[0;1;30;90;47m8[0;1;33;93;47mS[0;1;30;90;47m8[0;1;33;93;47mS[0;1;30;90;47m8[0;1;37;97;47m [0;33;47mX[0;1;33;93;47m%[0;1;30;90;47m88[0;1;33;93;47mS[0;35;47m@[0;33;47mX[0;1;37;97;47m [0;1;33;93;47mX[0;1;30;90;47m8[0;37;43m8[0;1;30;90;45m8[0;33;47m8[0;1;30;90;47m8[0;1;31;91;47m@[0;1;30;90;47m8[0;1;31;91;47m@[0;1;37;97;47m [0;33;47mX[0;35;5;40;100mt[0;33;47m@[0;1;30;90;47m8[0;1;30;90;43m8[0;1;30;90;45m8[0;1;31;91;43m8[0;35;5;40;100mt[0;1;30;90;43m8[0;33;5;40;100m;[0;1;30;90;43m8[0;1;30;90;41m8@@[0;33;5;40;100m8[0;1;30;90;41m8[0;33;5;40;100mt[0;1;30;90;43m8[0;33;5;40;100mSS[0;31;5;40;100mS[0;1;30;90;41m88[0;31;5;40;100m8[0;31;40m8[0;30;5;40;100m8[0;1;30;90;40m@@[0;31;5;40;100m@[0;1;30;90;47m%[0;1;37;97;47m [0;37;5;40;100m8[0;36;5;40;100m [0;1;30;90;47m8[0;1;30;90;46m8[0;1;30;90;47mS[0;37;5;47;107m8[0;1;30;90;43m8[0;1;30;90;41m888[0;35;5;40;100mS[0;33;5;41;101m%[0;1;31;91;43m8[0;33;47m8[0;31;5;41;101m%[0;1;30;90;43m8[0;33;5;41;101m;[0;33;5;40;100m.[0;33;5;41;101m;[0;1;30;90;43m8[0;35;41mX[0;31;5;40;100m@[0;1;30;90;40m8[0;30;5;40;100m8[0;35;5;40;100m;[0;37;5;40;100m8[0;31;5;40;100m@[0;30;5;40;100mS[0;31;40mt[0;34;40m.            [0m
[0;34;40m       [0;31;40m  [0;32;40m [0;31;40m    [0;34;40m .[0;31;40m;@[0;33;5;40;100m%[0;35;5;40;100m [0;1;30;90;47m8[0;33;47m@[0;1;30;90;47m8[0;1;33;93;47m%[0;1;30;90;47m888[0;1;33;93;47mS[0;1;30;90;47m88[0;33;47mS[0;1;37;97;47m [0;33;47mX[0;1;30;90;47m8[0;1;33;93;47mS[0;1;30;90;47m8[0;33;47mX[0;1;30;90;47m88[0;33;47m@[0;1;30;90;47m8[0;1;30;90;43m8[0;1;30;90;45m8[0;33;47m8X[0;1;30;90;47m8[0;1;31;91;47m@[0;1;37;97;47m  [0;31;5;40;100mS[0;1;31;91;41mS[0;1;31;91;43m88[0;33;5;40;100m;[0;31;5;41;101mX[0;1;30;90;43m8[0;1;31;91;41m8[0;1;30;90;45m8[0;31;43m8[0;31;5;40;100mX[0;1;30;90;41m88[0;31;5;40;100m8[0;1;30;90;41mX[0;35;41m8[0;1;30;90;41m8@8[0;31;5;40;100m888[0;1;30;90;40m8[0;31;40m8[0;30;5;40;100m@[0;1;30;90;40m@8[0;1;30;90;41m8[0;33;5;40;100mX[0;1;37;97;47m.%[0;1;30;90;47m:S[0;1;37;97;47m S[0;33;41m8[0;1;30;90;41m8[0;31;5;40;100m8[0;1;30;90;41m@X[0;33;5;40;100m%[0;31;5;41;101m%[0;1;30;90;43m8[0;33;5;41;101m%[0;1;30;90;47m8[0;33;5;41;101mS[0;1;31;91;43m8[0;35;5;40;100m:[0;31;5;41;101m;[0;1;30;90;43m8[0;1;30;90;41m8[0;31;5;40;100m8[0;1;30;90;40m8[0;35;5;40;100m%[0;33;5;40;100m [0;32;40m:[0;34;40m.[0;32;40m.[0;34;40m             [0m
[0;34;40m      [0;31;40m       [0;34;40m   [0;31;40m .%[0;35;5;40;100mt[0;1;30;90;47m88[0;33;47mX[0;1;30;90;47m8[0;1;33;93;47mS[0;1;30;90;47m8[0;1;33;93;47m%[0;35;47mX[0;1;33;93;47mX[0;1;30;90;47m8[0;1;33;93;47mS[0;35;47m@[0;1;33;93;47mX[0;1;30;90;47m88[0;1;33;93;47mS[0;35;47m8[0;1;30;90;43m8[0;35;47m@[0;1;31;91;43m8[0;1;30;90;47m8[0;37;5;40;100m:[0;33;47m8[0;35;47m@[0;1;31;91;47m@[0;1;30;90;47m8[0;33;47m@[0;1;30;90;47m8[0;1;31;91;47m8[0;31;5;40;100m88[0;35;5;40;100m%[0;31;5;40;100mX[0;31;43m8[0;35;5;40;100m%[0;35;41mX[0;33;5;40;100m@[0;1;30;90;41m8[0;31;5;40;100m@8888888@888[0;31;40m8[0;31;5;40;100m8[0;1;30;90;40m8[0;30;5;40;100m8[0;1;30;90;40m8[0;30;5;40;100m@[0;1;30;90;40m@@[0;1;30;90;41m@[0;33;5;40;100mt[0;1;37;97;47mt[0;37;5;47;107m8S[0;33;47m8[0;1;30;90;41m@88888[0;1;31;91;43m8[0;1;31;91;45m8[0;1;30;90;43m8[0;31;5;41;101m;[0;33;5;40;100m.[0;33;5;41;101m;[0;1;30;90;43m8[0;1;30;90;45m8[0;33;41mS[0;1;30;90;41m888[0;31;5;40;100mX[0;37;5;40;100mX[0;32;40m:[0;34;40m .[0;32;40m  [0;34;40m           [0m
[0;34;40m       [0;31;40m      [0;34;40m     [0;31;40m.t[0;33;5;40;100mS[0;1;30;90;47m88[0;33;47mX[0;1;30;90;47m8[0;1;33;93;47m%[0;1;30;90;47m8[0;33;47mX[0;1;30;90;47m8[0;33;47m%[0;1;30;90;47m8[0;33;47mX[0;1;30;90;47m8[0;1;33;93;47mS[0;35;47mS[0;33;47m8[0;33;5;40;100mt[0;35;47m@[0;33;47m8[0;1;30;90;47m8[0;35;5;40;100m.[0;1;31;91;47m8[0;1;30;90;47m8[0;37;43m8[0;1;30;90;47m8[0;1;31;91;47m8[0;1;30;90;47m8[0;33;47m8[0;35;5;40;100m [0;31;5;40;100m8[0;1;30;90;41m88[0;31;5;40;100m@[0;1;30;90;41m8[0;31;43m8[0;31;5;40;100m8[0;1;30;90;41m8[0;31;5;40;100m88[0;1;30;90;41m8[0;31;5;40;100m@8888[0;1;30;90;41m8[0;31;5;40;100m88[0;31;40m8[0;31;5;40;100m88[0;30;5;40;100mX[0;36;5;40;100m::[0;34;5;40;100mS[0;1;30;90;40m8@@[0;1;30;90;41m@[0;31;43m8[0;31;5;41;101m8[0;1;30;90;43m8[0;1;31;91;43m8[0;35;5;40;100m%[0;33;41mX[0;1;30;90;41m8[0;33;41m8[0;35;5;40;100mX[0;33;41mX[0;31;5;40;100mXX[0;33;5;41;101m8[0;33;5;40;100m:[0;33;5;41;101m;[0;1;30;90;43m8[0;35;5;41;101mX[0;33;5;40;100mX[0;1;31;91;41mS[0;35;5;40;100mX[0;1;30;90;41m8888[0;33;5;40;100m.:[0;31;40m   [0;34;40m            [0m
[0;34;40m         [0;31;40m    [0;34;40m     [0;31;40m  ;[0;35;5;40;100mS[0;37;5;40;100mS[0;1;30;90;47m8[0;33;47m8[0;35;47m8[0;33;47m@[0;1;30;90;47m@[0;1;33;93;47mS[0;35;47mS[0;1;33;93;47mX[0;1;30;90;47m88[0;33;47mS[0;1;30;90;47m8[0;1;33;93;47m%[0;1;30;90;47m8[0;33;47m8[0;1;30;90;47m8[0;33;47m@[0;1;30;90;47m8[0;33;47mX[0;1;30;90;47m88[0;1;30;90;43m8[0;1;30;90;47m88[0;33;47m8[0;37;5;40;100m;[0;33;5;40;100mt[0;31;5;40;100m@88888[0;1;30;90;41m8[0;31;5;40;100m88888[0;1;30;90;41m8[0;31;5;40;100m8[0;30;5;40;100m8[0;1;30;90;41m8[0;1;30;90;40m8[0;31;5;40;100m88[0;30;41m8[0;30;5;40;100m@S[0;36;5;40;100m :[0;33;5;40;100mt[0;34;5;40;100mS[0;30;5;40;100m@[0;31;5;40;100m8[0;1;30;90;43mX8[0;33;5;41;101mS[0;33;47m8[0;31;5;41;101m8[0;1;30;90;43m8[0;35;5;41;101m8[0;33;5;40;100mS[0;31;5;41;101mt[0;1;30;90;43m8[0;1;30;90;41m8[0;35;5;40;100mX[0;1;30;90;41m@[0;1;31;91;43m8[0;35;5;41;101m@[0;1;30;90;43m8[0;35;5;41;101m;[0;1;30;90;43m8[0;35;41m@[0;31;5;40;100m8[0;33;41m@[0;1;30;90;41m8888[0;31;5;40;100mX[0;35;5;40;100m [0;31;40m;[0;34;40m.[0;32;40m    [0;34;40m         [0m
[0;34;40m           [0;31;40m [0;34;40m      [0;31;40m   t[0;33;5;40;100m [0;31;5;40;100mX[0;35;5;40;100m%[0;33;5;40;100mX[0;35;5;40;100m.[0;1;30;90;47m88[0;33;47m@[0;1;30;90;47m8[0;1;33;93;47m%[0;1;30;90;47m8[0;1;33;93;47m%[0;1;30;90;47m88[0;1;33;93;47mS[0;1;30;90;47m8[0;33;47mS[0;1;30;90;47m8[0;1;33;93;47m%[0;1;30;90;47m8[0;1;33;93;47mX[0;1;30;90;47m8[0;1;37;97;47m [0;33;47m8[0;1;30;90;47m8[0;35;5;40;100m:[0;37;5;40;100m;[0;33;5;40;100m:;[0;31;5;40;100m@888[0;1;30;90;41m8[0;31;5;40;100m8[0;1;30;90;41m@[0;31;5;40;100m8[0;1;30;90;41m8[0;31;5;40;100m8[0;31;40m8[0;30;5;40;100mX[0;31;5;40;100m8[0;30;5;40;100m@[0;31;5;40;100mXX[0;30;5;40;100mX8[0;1;30;90;41m@[0;31;5;40;100m@[0;32;5;40;100mS[0;36;5;40;100m [0;35;5;40;100mt[0;30;5;40;100mX[0;33;5;40;100m%[0;36;5;40;100m:[0;33;5;40;100m8[0;31;5;41;101mX[0;33;5;40;100m.[0;33;5;41;101mS[0;1;30;90;43m8[0;37;43m8[0;33;5;41;101mt[0;37;43m8[0;31;5;41;101mS[0;1;30;90;43m8[0;35;41m8[0;31;5;40;100m8[0;33;41m8[0;31;43m8[0;1;30;90;45m8[0;33;5;41;101m%[0;1;30;90;43m8[0;35;5;41;101mS[0;33;5;40;100mt[0;1;30;90;41m@8[0;31;5;40;100m8[0;1;30;90;41m8[0;31;5;40;100m8[0;1;30;90;41m88[0;33;5;40;100m. [0;31;40m:[0;32;40m.[0;34;40m             [0m
[0;34;40m                  [0;31;40m   :[0;31;5;40;100m8[0;33;5;40;100m X[0;35;5;40;100mS[0;33;5;40;100mS[0;31;5;40;100m@[0;35;5;40;100mt[0;33;5;40;100m;[0;35;5;40;100m.[0;1;30;90;47m8[0;33;47m8[0;35;47m8[0;1;33;93;47m@[0;1;30;90;47m88[0;1;33;93;47mS[0;35;47mS[0;33;47mX[0;1;30;90;47m888[0;1;30;90;43m8[0;1;30;90;45m8[0;33;5;40;100m.:..[0;35;5;40;100m:[0;33;5;40;100mt[0;35;5;40;100m%[0;31;5;40;100mX[0;30;5;40;100m8[0;31;5;40;100m8[0;30;5;40;100m8[0;31;5;40;100m@[0;30;5;40;100mX[0;31;5;40;100mX[0;32;5;40;100mX[0;35;5;40;100mS[0;33;5;40;100mt[0;35;5;40;100m;[0;33;5;40;100m%[0;35;5;40;100mt[0;36;5;40;100m%[0;33;5;40;100m%[0;35;5;40;100m%[0;31;5;40;100mX[0;1;30;90;41m8[0;36;5;40;100m@[0;35;5;40;100m [0;37;5;40;100m8[0;36;5;40;100m.  [0;35;5;40;100m%[0;1;30;90;43m8[0;33;5;41;101mt[0;33;47m8[0;33;5;41;101m8[0;1;30;90;45m8[0;33;5;41;101m@[0;1;30;90;43m8[0;33;5;41;101m%[0;33;5;40;100m [0;31;5;41;101mS[0;33;5;40;100mS[0;1;30;90;41m8[0;33;5;41;101m@[0;35;5;41;101m@[0;1;30;90;43m8[0;33;5;41;101m@[0;35;5;40;100mt[0;31;43m8[0;35;41m8[0;31;5;40;100m8[0;1;30;90;41m88888[0;31;5;40;100m8S[0;37;5;40;100mS[0;32;40m:[0;34;40m.[0;31;40m    [0;34;40m         [0m
[0;34;40m                  [0;31;40m   [0;32;40m .[0;33;5;40;100m :[0;31;5;40;100m%[0;35;5;40;100mt[0;33;5;40;100m%[0;35;5;40;100m%[0;33;5;40;100m%[0;35;5;40;100mS[0;31;5;40;100m@[0;35;5;40;100mS[0;33;5;40;100m@[0;1;30;90;45m8[0;33;5;40;100mt[0;35;5;40;100m..[0;33;5;40;100m::[0;35;5;40;100mt[0;1;30;90;43m8[0;1;30;90;45m8[0;33;5;40;100m:;:[0;35;5;40;100m;[0;33;5;40;100mt[0;35;5;40;100m:[0;33;5;40;100mt[0;35;5;40;100mt[0;33;5;40;100m%:....:[0;35;5;40;100m;[0;33;5;40;100mS[0;35;5;40;100mS[0;33;5;40;100mS[0;35;5;40;100m%[0;32;5;40;100mS[0;31;5;40;100mS[0;35;5;40;100m%[0;33;5;40;100mS[0;30;5;40;100mX8[0;30;41m8[0;33;5;40;100m%[0;34;5;40;100mS[0;36;5;40;100mt[0;35;5;40;100mS[0;36;5;40;100m%[0;31;5;40;100mS[0;1;30;90;41m8[0;33;41m8[0;33;5;40;100mt[0;31;5;41;101m8[0;33;5;40;100m%[0;1;31;91;41mX[0;33;5;40;100m;[0;31;5;41;101mS[0;33;5;40;100m [0;33;5;41;101mS[0;35;5;40;100m:[0;1;31;91;41m@[0;1;30;90;43m8[0;1;30;90;45m8[0;31;43m@[0;1;30;90;45m8[0;1;30;90;41m88[0;31;5;40;100m@[0;1;30;90;41m88888[0;31;5;40;100m8[0;33;5;40;100mS[0;35;5;40;100m%[0;30;5;40;100mX[0;35;5;40;100m :[0;32;40m [0;31;40m    [0;34;40m         [0m
[0;34;40m                  [0;31;40m   [0;32;40m [0;31;40m [0;31;5;40;100m@[0;37;5;40;100mS[0;31;5;40;100mS[0;33;5;40;100mt[0;35;5;40;100mS[0;33;5;40;100mX[0;35;5;40;100mX[0;33;5;40;100m8[0;35;5;40;100m%[0;33;5;40;100mX[0;35;5;40;100m@[0;33;5;40;100m@[0;35;5;40;100m%[0;33;5;40;100m%[0;35;5;40;100mt[0;33;5;40;100mt[0;35;5;40;100m%[0;33;5;40;100mS[0;35;5;40;100m@[0;33;5;40;100m@[0;35;5;40;100mS[0;33;5;40;100m%[0;35;5;40;100m%[0;33;5;40;100mS[0;35;5;40;100m%[0;33;5;40;100m%[0;35;5;40;100m%[0;33;5;40;100mS[0;35;5;40;100m%[0;33;5;40;100mt[0;35;5;40;100mt[0;33;5;40;100mt[0;35;5;40;100mt[0;33;5;40;100mt[0;35;5;40;100mt[0;33;5;40;100mS[0;35;5;40;100m@[0;32;5;40;100mX[0;35;5;40;100mS[0;33;5;40;100mX[0;35;5;40;100mX[0;32;5;40;100mS[0;35;5;40;100m%[0;30;5;40;100m8[0;1;30;90;41m8[0;33;41m@[0;31;5;40;100m8[0;30;5;40;100m8X@X8[0;1;30;90;41m888[0;33;41m@[0;1;30;90;45m8[0;1;31;91;41m8[0;1;30;90;43m8[0;31;5;41;101m8[0;33;5;40;100m.[0;31;5;41;101mS[0;33;5;40;100mt[0;33;41m@[0;35;5;40;100mX[0;1;31;91;41mX[0;33;5;40;100m8[0;35;41mX[0;33;41m8[0;1;30;90;41m888888[0;31;5;40;100m88[0;33;5;40;100mS[0;35;5;40;100mX[0;32;5;40;100mS[0;35;5;40;100mS[0;30;5;40;100m8[0;37;5;40;100mX[0;1;30;90;40mS[0;31;40m    [0;34;40m         [0m
[0;34;40m                  [0;31;40m   [0;32;40m  [0;1;30;90;40m@[0;37;5;40;100m8[0;31;5;40;100mXSSXS[0;33;5;40;100m%[0;35;5;40;100mX[0;33;5;40;100mX[0;31;5;40;100mS[0;35;5;40;100mt[0;33;5;40;100mS[0;35;5;40;100mS[0;33;5;40;100mX[0;35;5;40;100mX[0;33;5;40;100m@[0;35;5;40;100m@[0;33;5;40;100m@[0;35;5;40;100m@[0;33;5;40;100m@[0;35;5;40;100mX[0;33;5;40;100mX[0;35;5;40;100mX[0;33;5;40;100mX[0;35;5;40;100mX[0;33;5;40;100mX[0;35;5;40;100mX[0;33;5;40;100mX[0;35;5;40;100mX[0;33;5;40;100mX[0;35;5;40;100mS[0;33;5;40;100mX[0;35;5;40;100mX[0;33;5;40;100mX[0;34;5;40;100mX[0;33;5;40;100m@[0;35;5;40;100m@[0;32;5;40;100mX[0;35;5;40;100mX[0;33;5;40;100mX[0;30;5;40;100mX[0;1;30;90;41m8S[0;31;43m8[0;31;5;40;100m88[0;30;5;40;100m8[0;34;5;40;100mS[0;30;5;40;100mS[0;31;5;40;100mX8[0;33;41m88[0;31;45m8[0;31;43m8[0;33;41m8[0;31;5;40;100m@[0;35;41m8[0;1;30;90;43m8[0;31;5;41;101mX[0;33;5;40;100m;[0;1;30;90;41m@88888[0;31;5;40;100m@[0;1;30;90;41m8888[0;31;5;40;100m@[0;1;30;90;41m8[0;31;5;40;100mS[0;30;5;40;100m8[0;31;5;40;100mS[0;33;5;40;100mt[0;35;5;40;100mS[0;32;5;40;100mS[0;30;5;40;100m@[0;35;5;40;100m:[0;33;5;40;100m.[0;31;40m.[0;32;40m    [0;34;40m        [0m
[0;34;40m                  [0;31;40m  ;[0;36;5;40;100m%[0;33;5;40;100m: :;[0;35;5;40;100m;[0;33;5;40;100mt[0;36;5;40;100m;[0;33;5;40;100mt[0;35;5;40;100m%[0;33;5;40;100m%[0;35;5;40;100mt[0;33;5;40;100m;;[0;35;5;40;100m%[0;33;5;40;100m%[0;35;5;40;100m%[0;33;5;40;100mS[0;35;5;40;100m%[0;33;5;40;100mS[0;35;5;40;100m%[0;33;5;40;100mS[0;35;5;40;100m%[0;33;5;40;100mS[0;35;5;40;100mS[0;33;5;40;100mX[0;35;5;40;100mS[0;33;5;40;100mX[0;35;5;40;100mS[0;33;5;40;100mX[0;35;5;40;100mX[0;33;5;40;100m@[0;34;5;40;100mX[0;33;5;40;100mX[0;34;5;40;100mS[0;33;5;40;100m@[0;34;5;40;100mS[0;33;5;40;100m@[0;34;5;40;100mS[0;33;5;40;100m@[0;35;5;40;100m@[0;32;5;40;100m@[0;30;41m8[0;31;5;40;100m8[0;1;30;90;41m8[0;31;5;40;100m8[0;35;5;40;100m@[0;31;5;40;100m8[0;30;5;40;100m8[0;34;5;40;100mS[0;30;5;40;100mSS[0;31;5;40;100m8[0;1;30;90;41mX8[0;1;31;91;43m8[0;35;5;40;100m%[0;31;5;41;101m@[0;33;5;40;100mt[0;33;41m@[0;33;5;41;101m8[0;35;5;40;100m%[0;1;30;90;43m8[0;35;41mX[0;1;30;90;41m888888888[0;31;5;40;100mX[0;1;30;90;41m8[0;33;5;40;100mX[0;35;5;40;100m%[0;31;5;40;100m@[0;33;5;40;100mS[0;34;5;40;100mS[0;33;5;40;100mS[0;31;5;40;100mS[0;35;5;40;100mt[0;30;5;40;100mS8[0;35;5;40;100m :[0;32;40m     [0;34;40m       [0m
[0;34;40m                  [0;31;40m [0;30;5;40;100mX[0;1;30;90;47m8[0;33;5;40;100m.:. .:. [0;37;5;40;100mS@@[0;33;5;40;100m   ..:.:.....:.:[0;35;5;40;100m.[0;33;5;40;100m;[0;35;5;40;100m:[0;33;5;40;100mt[0;35;5;40;100mt[0;33;5;40;100m%[0;35;5;40;100mX[0;33;5;40;100m@[0;34;5;40;100mS[0;31;5;40;100mS[0;35;5;40;100m%[0;33;5;40;100m@[0;34;5;40;100mS[0;31;5;40;100mX88[0;1;30;90;41m8[0;31;5;40;100mSSX[0;30;5;40;100m8@[0;31;5;40;100mS[0;30;5;40;100m8[0;31;5;40;100m8[0;33;41m88[0;1;30;90;45m8[0;33;41m8[0;1;30;90;41m8[0;33;5;40;100m [0;37;5;40;100m;[0;1;30;90;47m8888[0;1;30;90;41m@8888888888[0;33;5;40;100m%[0;35;5;40;100mX[0;31;5;40;100mS[0;30;5;40;100m8[0;33;5;40;100mt[0;35;5;40;100mS[0;32;5;40;100mS[0;35;5;40;100m%[0;33;5;40;100mS[0;35;5;40;100mX[0;1;30;90;40m8[0;34;5;40;100mX[0;33;5;40;100m [0;1;30;90;40m8[0;32;40m     [0;34;40m      [0m
[0;34;40m                 [0;32;40m [0;33;5;40;100m:[0;37;5;40;100mS[0;33;5;40;100m. [0;37;5;40;100mX[0;1;30;90;47m888@%%[0;33;47m@[0;1;30;90;47mt[0;33;47mX[0;1;30;90;47m.[0;33;47mS[0;1;30;90;47m;[0;33;47mX[0;1;30;90;47mSXX@@888[0;33;5;40;100m [0;1;30;90;47m8[0;33;5;40;100m: . ..::[0;35;5;40;100mt[0;31;5;40;100mS[0;33;5;40;100m%[0;35;5;40;100mt[0;32;5;40;100mS[0;35;5;40;100m8[0;30;5;40;100m@[0;31;40m8[0;31;5;40;100mX@SXXX[0;30;5;40;100m8[0;31;5;40;100mX[0;30;5;40;100mXX[0;1;30;90;41m8[0;31;5;41;101m8[0;33;5;40;100m;[0;31;5;41;101m@[0;33;5;40;100m. [0;1;30;90;47m8[0;35;5;41;101m@[0;1;30;90;47m8[0;33;47m8[0;1;31;91;45m8[0;1;30;90;47m8[0;33;5;40;100m8[0;1;30;90;41mX88[0;31;5;40;100m8[0;1;30;90;41m888[0;31;5;40;100m88[0;32;5;40;100mS[0;35;5;40;100mX[0;33;5;40;100m8[0;1;30;90;40m8[0;33;5;40;100mt[0;35;5;40;100mS[0;33;5;40;100m@[0;35;5;40;100m@[0;32;5;40;100mX[0;35;5;40;100mX[0;32;5;40;100mS[0;30;5;40;100m88[0;35;5;40;100m [0;33;5;40;100m [0;31;40m.[0;32;40m    [0;34;40m      [0m
[0;34;40m                [0;32;40m [0;1;30;90;40m8[0;37;5;40;100m@[0;33;5;40;100m [0;1;30;90;47mtt[0;33;47m@[0;1;30;90;47mS[0;33;47m8[0;1;30;90;47m%[0;33;47m@X[0;1;30;90;47m%[0;33;47mX[0;1;30;90;47m%[0;33;47mX[0;1;30;90;47mt[0;33;47m@[0;1;30;90;47mt[0;33;47mXSXXSXXXX[0;1;30;90;47mt[0;33;47mX[0;1;30;90;47m%8[0;33;5;40;100m;    ;t[0;35;5;40;100m%[0;33;5;40;100mS[0;30;5;40;100mS[0;31;5;40;100m8[0;1;30;90;40m8[0;31;5;40;100mS[0;33;5;40;100m8[0;31;5;40;100m8@XXX8[0;1;30;90;40m8[0;36;5;40;100mS[0;30;5;40;100mX[0;1;30;90;41m8[0;33;5;40;100m8[0;1;30;90;41m8[0;33;5;40;100mX[0;35;5;40;100m.[0;33;5;40;100m [0;33;47m8[0;35;5;40;100m%[0;33;5;40;100m. [0;1;30;90;47m8[0;1;30;90;43m8[0;1;30;90;45m8[0;37;5;40;100m%[0;33;5;40;100mX[0;1;30;90;41mX888[0;31;5;40;100m8@[0;33;5;40;100mS[0;35;5;40;100mS[0;33;5;40;100mS[0;30;5;40;100mS[0;31;5;40;100mX[0;35;5;40;100m%[0;33;5;40;100mS[0;34;5;40;100mX[0;33;5;40;100mX[0;30;5;40;100mS[0;35;5;40;100m%[0;33;5;40;100m@[0;35;5;40;100m@[0;30;5;40;100m8[0;34;5;40;100m8[0;30;5;40;100m8[0;37;5;40;100mS[0;1;30;90;40m8[0;31;40m  [0;32;40m   [0;34;40m     [0m
[0;34;40m               [0;32;40m [0;34;40m [0;30;5;40;100m@[0;1;30;90;47m88[0;33;47m@[0;1;30;90;47mt[0;33;47mXS[0;1;30;90;47mS[0;33;47mX[0;1;30;90;47m%[0;33;47mXS[0;1;30;90;47m%[0;33;47m@[0;1;30;90;47m%[0;33;47m@[0;1;30;90;47m%[0;33;47mX[0;1;30;90;47m%[0;33;47mS[0;1;30;90;47mS[0;33;47mS[0;1;30;90;47mS[0;33;47mS[0;1;30;90;47mXS[0;1;33;93;47mS[0;1;30;90;47m8[0;33;47m@[0;33;5;40;100m [0;1;30;90;43m8[0;35;5;40;100m [0;37;5;40;100mt[0;33;5;40;100m...[0;35;5;40;100mt[0;33;5;40;100m%[0;35;5;40;100mS[0;30;5;40;100mX8[0;31;5;40;100m8X88XXX[0;30;5;40;100mX[0;31;5;40;100mX[0;1;30;90;40m8[0;31;5;40;100mS[0;33;5;40;100mt[0;35;5;40;100m [0;33;5;40;100m [0;1;30;90;41m88[0;35;5;40;100m%[0;33;5;40;100m:[0;35;5;41;101mX[0;33;5;40;100m [0;33;47m8[0;35;5;40;100m;[0;33;5;41;101m8[0;35;5;40;100m;[0;1;30;90;47m8[0;1;30;90;43m8[0;37;45m8[0;33;5;40;100m:[0;35;5;40;100m.[0;33;5;40;100m%[0;1;30;90;41m8[0;31;5;40;100m8[0;32;5;40;100mS[0;35;5;40;100mS[0;32;5;40;100mX[0;35;5;40;100mX[0;31;5;40;100mS[0;36;5;40;100m%[0;31;5;40;100mX[0;36;5;40;100mS[0;31;5;40;100m@[0;33;5;40;100m%[0;35;5;40;100mX[0;33;5;40;100mS[0;35;5;40;100mS[0;32;5;40;100mX[0;35;5;40;100mS[0;30;5;40;100m@88[0;35;5;40;100m;[0;33;5;40;100m [0;32;40m.[0;31;40m     [0;34;40m    [0m
[0;34;40m                [0;31;40m [0;1;30;90;40mS[0;37;5;40;100m8[0;1;30;90;47m8[0;33;47m@[0;1;30;90;47m%[0;33;47mX[0;1;30;90;47mS[0;1;33;93;47mX[0;1;30;90;47m8[0;1;33;93;47mS[0;1;30;90;47m8[0;33;47mSS[0;1;30;90;47mS[0;1;33;93;47mX[0;1;30;90;47m8[0;1;33;93;47mS[0;1;30;90;47m8[0;1;33;93;47mS[0;1;30;90;47m8[0;1;33;93;47mS[0;1;30;90;47m8[0;1;33;93;47m%[0;1;30;90;47m8[0;1;33;93;47mS[0;1;30;90;47m8[0;37;5;40;100m:[0;33;5;40;100m. [0;37;5;40;100m:t[0;35;5;40;100m [0;33;5;40;100m.:[0;35;5;40;100m:[0;33;5;40;100m%[0;35;5;40;100mS[0;33;5;40;100mX[0;35;5;40;100mS[0;33;5;40;100m@[0;31;40m8[0;31;5;40;100mSXX[0;30;5;40;100mX[0;31;5;40;100m@XXX8[0;30;41m8[0;33;5;40;100m [0;1;30;90;47m88[0;37;5;40;100mS[0;31;5;40;100m8[0;33;41m@[0;31;5;40;100mX[0;33;5;40;100m: [0;1;30;90;47m8[0;1;31;91;41mX[0;37;5;40;100mt[0;1;30;90;47m8[0;35;5;40;100m%[0;1;30;90;41m8[0;35;5;40;100mS[0;33;41m@[0;1;30;90;41m88@[0;30;5;40;100m8[0;33;5;40;100m;[0;35;5;40;100mS[0;33;5;40;100mX[0;35;5;40;100m@[0;32;5;40;100mX[0;35;5;40;100mS[0;31;5;40;100mS[0;32;5;40;100m%[0;35;5;40;100mS[0;33;5;40;100mS[0;34;5;40;100mX[0;33;5;40;100mX[0;34;5;40;100mS[0;33;5;40;100mS[0;35;5;40;100mX[0;33;5;40;100m8[0;30;5;40;100m@8[0;34;5;40;100m8[0;30;5;40;100m8[0;37;5;40;100m@[0;1;30;90;40mX[0;31;40m     [0;34;40m    [0m
[0;34;40m               [0;31;40m  :[0;33;5;40;100m: [0;1;30;90;47mt[0;33;47m@[0;1;30;90;47m%[0;33;47mX[0;1;30;90;47m8S@[0;1;33;93;47mS[0;1;30;90;47m8[0;1;37;97;47m [0;33;47m@[0;1;30;90;47m8X@[0;1;33;93;47mS[0;1;30;90;47m888[0;33;47m@[0;1;30;90;47m8[0;33;5;40;100m [0;37;5;40;100m.[0;33;5;40;100m.[0;1;30;90;47m8[0;1;30;90;43m8[0;1;30;90;45m8[0;1;30;90;43m8[0;35;5;40;100m;.[0;33;5;40;100m;[0;35;5;40;100mt[0;33;5;40;100mS[0;35;5;40;100mX[0;33;5;40;100m@[0;35;5;40;100m@[0;33;5;40;100m@[0;34;5;40;100mS[0;33;5;40;100m;[0;30;5;40;100m@[0;31;5;40;100mX[0;30;5;40;100m@[0;31;5;40;100m@XX[0;30;5;40;100mX[0;31;5;40;100m@[0;30;5;40;100m8[0;31;5;40;100mS[0;33;5;40;100m [0;1;30;90;47m@[0;37;5;40;100m8X[0;31;5;40;100m88XX8X[0;33;5;40;100m%[0;31;5;40;100m@888[0;33;41mX[0;1;30;90;41m8888[0;31;5;40;100m8%[0;36;5;40;100m%[0;31;5;40;100m@[0;32;5;40;100m%[0;35;5;40;100mS[0;33;5;40;100m@[0;34;5;40;100mS[0;33;5;40;100mX[0;35;5;40;100mX[0;32;5;40;100mS[0;31;5;40;100mS[0;35;5;40;100m;[0;33;5;40;100mt[0;35;5;40;100m%[0;32;5;40;100mS[0;35;5;40;100mX[0;30;5;40;100m@88[0;34;5;40;100m8[0;33;5;40;100m.t[0;34;40m         [0m
[0;34;40m               [0;31;40m [0;32;40m [0;31;40m %[0;33;5;40;100m [0;1;30;90;47m8[0;33;47m8[0;1;30;90;47mX[0;1;33;93;47mS[0;1;30;90;47m8[0;1;33;93;47mS[0;1;30;90;47m88[0;1;33;93;47mS[0;1;30;90;47m8[0;33;47mSS@[0;1;30;90;47m8[0;35;5;40;100m:[0;1;30;90;47m8[0;1;30;90;43m8[0;1;30;90;45m8[0;33;5;40;100m;: [0;1;30;90;47m8[0;33;41m8[0;35;5;40;100m%:[0;33;5;40;100m:[0;35;5;40;100m;[0;33;5;40;100m:[0;35;5;40;100mt[0;33;5;40;100mS[0;35;5;40;100mX[0;33;5;40;100mX[0;35;5;40;100mX[0;33;5;40;100mX[0;31;5;40;100mS[0;34;5;40;100mS[0;33;5;40;100mS[0;35;5;40;100m%[0;33;5;40;100m%[0;35;5;40;100mt[0;33;5;40;100mX[0;30;5;40;100m@8[0;31;5;40;100m8@@[0;1;30;90;40m8[0;33;5;40;100m@[0;35;5;40;100m:[0;33;5;40;100m [0;37;5;40;100m@[0;33;5;40;100m .  [0;35;5;40;100m t[0;30;5;40;100m@@[0;34;5;40;100mX[0;30;5;40;100m8[0;31;5;40;100mS[0;34;5;40;100m@[0;30;5;40;100m8[0;1;30;90;41m@888[0;31;5;40;100m8[0;32;5;40;100mS[0;35;5;40;100mX[0;33;5;40;100mS[0;35;5;40;100mX[0;32;5;40;100mS[0;35;5;40;100mX[0;33;5;40;100m@[0;34;5;40;100mS[0;33;5;40;100m@[0;35;5;40;100m@[0;33;5;40;100m%.;[0;35;5;40;100m%[0;33;5;40;100mX[0;35;5;40;100m%[0;30;5;40;100m@8[0;34;5;40;100m8[0;1;30;90;40m8[0;34;5;40;100m8[0;33;5;40;100m [0;1;30;90;40mX[0;34;40m        [0m
[0;34;40m               [0;32;40m  ..[0;31;40mS[0;37;5;40;100mX[0;33;5;40;100m:[0;1;30;90;47mX[0;33;47mS[0;1;30;90;47m@[0;33;47mSS[0;1;30;90;47m88[0;37;43m8[0;1;30;90;45m8[0;33;5;40;100m:[0;35;5;40;100m:[0;33;5;40;100m;:[0;35;5;40;100mt[0;33;5;40;100m.. .;[0;35;5;40;100mS:[0;33;5;40;100mt[0;35;5;40;100mt[0;33;5;40;100m%[0;35;5;40;100m%[0;33;5;40;100mS[0;35;5;40;100mS[0;33;5;40;100mX[0;35;5;40;100mX[0;33;5;40;100m@[0;35;5;40;100mX[0;31;5;40;100mS[0;36;5;40;100m%[0;31;5;40;100mS[0;33;5;40;100mt[0;35;5;40;100mS[0;32;5;40;100mS[0;35;5;40;100mS[0;33;5;40;100mS[0;35;5;40;100mS[0;33;5;40;100m%[0;30;5;40;100m@8[0;31;5;40;100m8[0;1;30;90;40m8[0;30;5;40;100mS[0;35;5;40;100mt[0;33;5;40;100m.[0;37;5;40;100m%S%%[0;35;5;40;100m [0;33;5;40;100m  [0;35;5;40;100m %[0;30;5;40;100m@S@8[0;31;5;40;100m888[0;1;30;90;41m88[0;31;5;40;100m8X[0;36;5;40;100m%[0;31;5;40;100mX[0;32;5;40;100m%[0;35;5;40;100mX[0;33;5;40;100m8[0;34;5;40;100mS[0;31;5;40;100mS[0;35;5;40;100m%[0;32;5;40;100mS[0;35;5;40;100m;[0;33;5;40;100m:[0;35;5;40;100mt[0;33;5;40;100mX[0;34;5;40;100mS[0;33;5;40;100m@[0;30;5;40;100m888[0;34;5;40;100m8[0;1;30;90;40m8[0;33;5;40;100m  [0;31;40m    [0;34;40m    [0m
[0;34;40m               [0;32;40m [0;34;40m  .[0;32;40m.[0;1;30;90;40m@[0;37;5;40;100mS[0;33;5;40;100m:[0;33;47m@[0;1;30;90;47m8[0;35;5;40;100m [0;1;30;90;47m8[0;1;30;90;43m8[0;1;30;90;45m8[0;33;5;40;100m:. . .:..:[0;35;5;40;100m;[0;33;5;40;100m%%[0;35;5;40;100mS[0;33;5;40;100mS[0;35;5;40;100mS[0;33;5;40;100mS[0;35;5;40;100mS[0;33;5;40;100mX[0;35;5;40;100mX[0;33;5;40;100mX[0;31;5;40;100mS[0;35;5;40;100m%[0;33;5;40;100m@[0;34;5;40;100mS[0;33;5;40;100mX[0;35;5;40;100mS[0;32;5;40;100mS[0;31;5;40;100mS[0;35;5;40;100m%[0;32;5;40;100mS[0;35;5;40;100mX[0;32;5;40;100mS[0;35;5;40;100mS[0;33;5;40;100m%%[0;30;5;40;100m@88[0;31;5;40;100mS[0;35;5;40;100m;[0;33;5;40;100m  [0;37;5;40;100m%[0;35;5;40;100m [0;37;5;40;100mS[0;35;5;40;100m  [0;33;5;40;100m .[0;35;5;40;100mt[0;30;5;40;100m@X[0;31;5;40;100m8[0;31;40m8[0;31;5;40;100mX8@[0;1;30;90;41m@[0;31;5;40;100m@[0;32;5;40;100mS[0;35;5;40;100mX[0;33;5;40;100mS[0;35;5;40;100mX[0;32;5;40;100mX[0;35;5;40;100m@[0;33;5;40;100m@[0;34;5;40;100m%[0;33;5;40;100m@[0;35;5;40;100m%[0;33;5;40;100m;;[0;35;5;40;100m%[0;31;5;40;100mS[0;33;5;40;100m%[0;35;5;40;100mX[0;1;30;90;40m8[0;30;5;40;100m8[0;34;5;40;100m8[0;1;30;90;40m8[0;34;5;40;100mX[0;30;5;40;100mX[0;37;5;40;100mX[0;31;40mt[0;32;40m:[0;34;40m.[0;31;40m   [0;34;40m  [0m
[0;34;40m                 [0;31;40m  .;@[0;35;5;40;100m ;[0;33;5;40;100mX[0;35;5;40;100mt[0;33;5;40;100mt[0;35;5;40;100m;[0;33;5;40;100m:...::[0;35;5;40;100m;[0;33;5;40;100mt[0;35;5;40;100mt[0;33;5;40;100mt[0;35;5;40;100m%[0;33;5;40;100mS[0;35;5;40;100m@[0;33;5;40;100mX[0;35;5;40;100mX[0;33;5;40;100mX[0;35;5;40;100mX[0;33;5;40;100mX[0;35;5;40;100mX[0;33;5;40;100mX[0;31;5;40;100mS[0;35;5;40;100m%[0;33;5;40;100m%[0;35;5;40;100mS[0;32;5;40;100mS[0;31;5;40;100mS[0;35;5;40;100mt[0;33;5;40;100mX[0;35;5;40;100m@[0;32;5;40;100mS[0;35;5;40;100mS[0;33;5;40;100m@[0;31;5;40;100mS[0;35;5;40;100m%[0;33;5;40;100mX[0;34;5;40;100mS[0;35;5;40;100m%[0;33;5;40;100mX[0;1;30;90;40m8[0;31;5;40;100m8[0;30;5;40;100m88[0;33;5;40;100m [0;37;5;40;100m%[0;33;5;40;100m [0;37;5;40;100m%[0;35;5;40;100m    [0;33;5;40;100m t[0;30;5;40;100mX[0;31;40m8[0;31;5;40;100mX@8[0;30;5;40;100m8[0;31;5;40;100m8[0;33;5;40;100m@[0;34;5;40;100mS[0;33;5;40;100mX[0;35;5;40;100mX[0;32;5;40;100mX[0;31;5;40;100mS[0;35;5;40;100m%[0;32;5;40;100mS[0;31;5;40;100mS[0;33;5;40;100mt[0;35;5;40;100mS[0;33;5;40;100mt[0;35;5;40;100m.[0;33;5;40;100mtt[0;35;5;40;100mS[0;32;5;40;100mS[0;31;5;40;100mS[0;30;5;40;100m888[0;34;5;40;100m8[0;1;30;90;40m8[0;34;5;40;100m8[0;33;5;40;100mt[0;36;5;40;100m [0;34;40m:[0;31;40m    [0;34;40m  [0m
[0;34;40m                 [0;31;40m   [0;32;40m.[0;31;40m:%[0;35;5;40;100m .[0;33;5;40;100mS[0;35;5;40;100m%[0;33;5;40;100m;[0;35;5;40;100m:[0;33;5;40;100m;[0;35;5;40;100m:[0;33;5;40;100mt[0;35;5;40;100m%[0;33;5;40;100m%[0;35;5;40;100mS[0;33;5;40;100mS[0;35;5;40;100mS[0;33;5;40;100mX[0;35;5;40;100mX[0;33;5;40;100mX[0;35;5;40;100mX[0;33;5;40;100mX[0;35;5;40;100mX[0;33;5;40;100mX[0;31;5;40;100mS[0;35;5;40;100m%[0;33;5;40;100m@[0;35;5;40;100m@[0;32;5;40;100mS[0;35;5;40;100mS[0;33;5;40;100mX[0;30;5;40;100mS[0;35;5;40;100m%[0;33;5;40;100m%[0;34;5;40;100mS[0;33;5;40;100mX[0;34;5;40;100mS[0;33;5;40;100mX[0;31;5;40;100mS[0;34;5;40;100mS[0;33;5;40;100m%[0;34;5;40;100mS[0;33;5;40;100mX[0;31;5;40;100mS[0;33;5;40;100mt[0;35;5;40;100mX[0;30;5;40;100m88[0;34;5;40;100mX[0;30;5;40;100m8[0;31;5;40;100mS[0;35;5;40;100m [0;37;5;40;100mS[0;35;5;40;100m  [0;37;5;40;100mS[0;35;5;40;100m   X[0;30;5;40;100m@@[0;33;5;40;100mt[0;34;5;40;100mS[0;33;5;40;100mX[0;35;5;40;100m%[0;33;5;40;100mS[0;35;5;40;100m@[0;33;5;40;100m@[0;34;5;40;100mX[0;33;5;40;100m@[0;35;5;40;100m@[0;32;5;40;100mS[0;31;5;40;100mS[0;35;5;40;100mt[0;33;5;40;100mt[0;34;5;40;100mS[0;33;5;40;100mS[0;35;5;40;100m.[0;33;5;40;100m;[0;35;5;40;100mS[0;33;5;40;100mS[0;34;5;40;100mS[0;31;5;40;100m%[0;33;5;40;100m%[0;1;30;90;40m8[0;34;5;40;100m8[0;1;30;90;40m8[0;30;5;40;100m@[0;34;5;40;100m8[0;1;30;90;40m8[0;34;5;40;100m8[0;33;5;40;100m [0;30;5;40;100m8[0;32;40m [0;31;40m   [0;32;40m  [0m
[0;34;40m                [0;31;40m    [0;34;40m [0;32;40m.[0;31;40m:S[0;35;5;40;100m;[0;33;5;40;100m.[0;31;5;40;100mX[0;33;5;40;100m%[0;35;5;40;100m%[0;33;5;40;100mS[0;35;5;40;100mS[0;33;5;40;100mS[0;35;5;40;100mS[0;33;5;40;100mX[0;35;5;40;100mX[0;33;5;40;100mX[0;35;5;40;100mX[0;33;5;40;100m@[0;35;5;40;100mX[0;33;5;40;100m@[0;35;5;40;100mX[0;31;5;40;100mS[0;33;5;40;100mS[0;35;5;40;100m@[0;32;5;40;100mS[0;35;5;40;100mS[0;32;5;40;100mS[0;31;5;40;100mS[0;35;5;40;100mt[0;33;5;40;100mX[0;34;5;40;100mS[0;33;5;40;100m%[0;35;5;40;100mS[0;33;5;40;100mX[0;35;5;40;100mX[0;32;5;40;100mS[0;31;5;40;100mS[0;35;5;40;100m%[0;33;5;40;100m%[0;35;5;40;100m%[0;33;5;40;100mX[0;31;5;40;100mS[0;34;5;40;100mS[0;33;5;40;100m%[0;34;5;40;100mS[0;33;5;40;100mX[0;31;5;40;100mX[0;1;30;90;40m8[0;31;5;40;100m@[0;30;5;40;100m8[0;31;5;40;100mX[0;36;5;40;100m [0;35;5;40;100m [0;37;5;40;100mS[0;35;5;40;100m  [0;37;5;40;100m%[0;35;5;40;100m .[0;31;5;40;100mS[0;30;5;40;100mX8[0;35;5;40;100mt[0;33;5;40;100mX[0;35;5;40;100mX[0;32;5;40;100mX[0;35;5;40;100mX[0;32;5;40;100m@[0;35;5;40;100m@[0;33;5;40;100m@[0;34;5;40;100mX[0;33;5;40;100m@[0;35;5;40;100mX[0;33;5;40;100mS[0;34;5;40;100mS[0;33;5;40;100mX[0;35;5;40;100mS[0;33;5;40;100m;:[0;35;5;40;100mt[0;33;5;40;100mS[0;35;5;40;100m@[0;33;5;40;100m@[0;34;5;40;100mS[0;31;5;40;100m8[0;1;30;90;40m@[0;34;5;40;100m8[0;30;5;40;100m8[0;34;5;40;100m8[0;1;30;90;40m8[0;30;5;40;100mX@[0;36;5;40;100m [0;33;5;40;100m [0;31;40m.[0;32;40m.[0;31;40m   [0;34;40m [0m
[0;34;40m                [0;31;40m    [0;34;40m .[0;32;40m..[0;31;40m;@[0;33;5;40;100m [0;35;5;40;100m [0;31;5;40;100mS[0;35;5;40;100m%[0;33;5;40;100m@[0;35;5;40;100m@[0;33;5;40;100m@[0;35;5;40;100m@[0;33;5;40;100m8[0;35;5;40;100m@[0;33;5;40;100m@[0;35;5;40;100m@[0;33;5;40;100m@[0;35;5;40;100m@[0;33;5;40;100m8[0;35;5;40;100mS[0;32;5;40;100mS[0;35;5;40;100mS[0;33;5;40;100mX[0;31;5;40;100mS[0;35;5;40;100m%[0;32;5;40;100m%[0;35;5;40;100mS[0;31;5;40;100mS[0;33;5;40;100mt[0;35;5;40;100mS[0;32;5;40;100mX[0;35;5;40;100mX[0;33;5;40;100m8[0;35;5;40;100m@[0;32;5;40;100mS[0;35;5;40;100mS[0;32;5;40;100mS[0;31;5;40;100mS[0;34;5;40;100mS[0;33;5;40;100m%[0;35;5;40;100m%[0;33;5;40;100mS[0;35;5;40;100mX[0;32;5;40;100mS[0;35;5;40;100m%[0;30;5;40;100m@@X8[0;35;5;40;100m    [0;37;5;40;100mS[0;35;5;40;100m  :[0;30;5;40;100mS[0;35;5;40;100mX[0;1;30;90;40m8[0;33;5;40;100mS[0;35;5;40;100mX[0;32;5;40;100mS[0;31;5;40;100mS[0;33;5;40;100m%[0;35;5;40;100m@[0;32;5;40;100mX[0;35;5;40;100m@[0;33;5;40;100m8[0;34;5;40;100mS[0;33;5;40;100mX[0;34;5;40;100mS[0;33;5;40;100mX[0;35;5;40;100m@[0;33;5;40;100mX[0;35;5;40;100m:[0;33;5;40;100mt[0;35;5;40;100m%[0;33;5;40;100mX[0;30;5;40;100mX[0;35;5;40;100mt[0;33;5;40;100mS[0;30;5;40;100m8[0;1;30;90;40m8[0;34;5;40;100m8[0;1;30;90;40m8[0;30;5;40;100m@[0;34;5;40;100m@[0;1;30;90;40m8[0;34;5;40;100m@[0;30;5;40;100m8[0;35;5;40;100m [0;31;5;40;100m%[0;34;40m     [0m
[0;34;40m                 [0;31;40m  [0;34;40m [0;31;40m [0;32;40m [0;34;40m [0;31;40m [0;34;40m.[0;32;40m.[0;31;40m;[0;30;5;40;100m8[0;37;5;40;100m@[0;33;5;40;100m@[0;31;5;40;100mX[0;35;5;40;100m%[0;33;5;40;100mX[0;35;5;40;100mX[0;33;5;40;100mX[0;31;5;40;100mS[0;35;5;40;100m%[0;33;5;40;100m@[0;35;5;40;100m@[0;32;5;40;100mX[0;35;5;40;100mX[0;32;5;40;100mS[0;35;5;40;100mX[0;33;5;40;100m@[0;34;5;40;100mX[0;33;5;40;100mS[0;35;5;40;100mS[0;33;5;40;100mX[0;34;5;40;100mS[0;33;5;40;100mS[0;34;5;40;100mS[0;33;5;40;100m@[0;35;5;40;100m@[0;32;5;40;100mX[0;35;5;40;100m@[0;32;5;40;100mS[0;35;5;40;100mX[0;33;5;40;100m@[0;35;5;40;100m@[0;32;5;40;100mS[0;35;5;40;100m%[0;33;5;40;100mX[0;34;5;40;100mS[0;33;5;40;100mX[0;31;5;40;100mS[0;35;5;40;100m%[0;33;5;40;100mS[0;31;5;40;100mX[0;30;5;40;100m8[0;34;5;40;100mS[0;30;5;40;100m8[0;35;5;40;100m:[0;33;5;40;100m [0;35;5;40;100m     .[0;33;5;40;100mt[0;30;5;40;100m@8[0;31;5;40;100mX[0;36;5;40;100m%[0;31;5;40;100mX[0;35;5;40;100mt[0;32;5;40;100mS[0;31;5;40;100mS[0;35;5;40;100m%[0;32;5;40;100mS[0;31;5;40;100mS[0;35;5;40;100mS[0;31;5;40;100mS[0;33;5;40;100m%[0;35;5;40;100mX[0;32;5;40;100mX[0;35;5;40;100m;[0;33;5;40;100m;[0;35;5;40;100m%[0;33;5;40;100mX[0;34;5;40;100mS[0;33;5;40;100m%[0;35;5;40;100mS[0;33;5;40;100mS[0;1;30;90;40m8[0;34;5;40;100m8[0;1;30;90;40m8[0;34;5;40;100m@[0;1;30;90;40m8[0;34;5;40;100mX[0;1;30;90;40m8[0;34;5;40;100m@[0;30;5;40;100m8[0;36;5;40;100mX[0;35;5;40;100m [0;34;40m:[0;32;40m.[0;34;40m   [0m
[0;34;40m                       [0;31;40m [0;32;40m [0;34;40m [0;31;40m :%[0;35;5;40;100mt[0;33;5;40;100m.%[0;31;5;40;100mX%[0;35;5;40;100m%[0;32;5;40;100mS[0;35;5;40;100mS[0;32;5;40;100mX[0;31;5;40;100mS[0;35;5;40;100m%[0;33;5;40;100m@[0;35;5;40;100m@[0;32;5;40;100mX[0;35;5;40;100m@[0;33;5;40;100m@[0;34;5;40;100mX[0;33;5;40;100m@[0;34;5;40;100mS[0;33;5;40;100m@[0;35;5;40;100m@[0;33;5;40;100m@[0;34;5;40;100mX[0;33;5;40;100m8[0;35;5;40;100m@[0;32;5;40;100mS[0;31;5;40;100mX[0;33;5;40;100m%[0;34;5;40;100mX[0;33;5;40;100m@[0;35;5;40;100mX[0;33;5;40;100mX[0;34;5;40;100mS[0;33;5;40;100m@[0;34;5;40;100mS[0;33;5;40;100mS[0;34;5;40;100mS[0;33;5;40;100m%[0;35;5;40;100mS[0;1;30;90;40m8[0;31;5;40;100m8[0;30;5;40;100m8[0;31;5;40;100mS[0;33;5;40;100m [0;35;5;40;100m [0;37;5;40;100mS[0;35;5;40;100m [0;37;5;40;100m%[0;35;5;40;100m  ;%[0;30;5;40;100m8[0;31;5;40;100m@[0;33;5;40;100m%[0;35;5;40;100m%[0;33;5;40;100mS[0;35;5;40;100m@[0;32;5;40;100mS[0;31;5;40;100mS[0;35;5;40;100m%[0;30;5;40;100mS[0;33;5;40;100mS[0;34;5;40;100mS[0;33;5;40;100mX[0;30;5;40;100mS[0;35;5;40;100mt[0;33;5;40;100mt[0;35;5;40;100mt[0;33;5;40;100mS[0;35;5;40;100m@[0;33;5;40;100mX[0;35;5;40;100mX[0;32;5;40;100m@[0;35;5;40;100m8[0;1;30;90;40m@[0;30;5;40;100m8@[0;34;5;40;100m8[0;1;30;90;40m8[0;34;5;40;100mX[0;1;30;90;40m8[0;34;5;40;100mX[0;1;30;90;40m8[0;30;5;40;100m8[0;35;5;40;100m [0;30;5;40;100mS[0;31;40m  [0;34;40m  [0m
[0;34;40m                       [0;31;40m    [0;34;40m [0;32;40m.[0;34;40m [0;31;40m:[0;30;5;40;100m@[0;36;5;40;100m.[0;33;5;40;100m.[0;31;5;40;100mS[0;30;5;40;100mS[0;33;5;40;100mS[0;35;5;40;100m8[0;32;5;40;100mS[0;31;5;40;100mS[0;34;5;40;100mS[0;33;5;40;100m8[0;31;5;40;100mS[0;36;5;40;100mS[0;31;5;40;100m@[0;33;5;40;100mt[0;35;5;40;100m@[0;33;5;40;100m@[0;34;5;40;100mX[0;33;5;40;100m@[0;34;5;40;100mS[0;31;5;40;100mS[0;33;5;40;100m%[0;30;5;40;100mS[0;35;5;40;100m%[0;33;5;40;100m%[0;35;5;40;100mX[0;33;5;40;100m@[0;34;5;40;100mX[0;33;5;40;100m@[0;34;5;40;100mS[0;31;5;40;100mS[0;35;5;40;100m%[0;33;5;40;100mX[0;35;5;40;100m@[0;33;5;40;100m@[0;34;5;40;100mX[0;33;5;40;100m@[0;30;5;40;100m@8X8[0;35;5;40;100m       [0;33;5;40;100m ;[0;30;5;40;100mS8[0;35;5;40;100m%[0;32;5;40;100mS[0;35;5;40;100mX[0;32;5;40;100mS[0;35;5;40;100mS[0;33;5;40;100mS[0;31;5;40;100mX[0;36;5;40;100m%[0;31;5;40;100mX[0;33;5;40;100mt[0;35;5;40;100mX[0;33;5;40;100m%[0;35;5;40;100m%[0;33;5;40;100mS[0;35;5;40;100mS[0;32;5;40;100mS[0;31;5;40;100mS[0;34;5;40;100mS[0;33;5;40;100m@[0;35;5;40;100m@[0;1;30;90;40m8[0;30;5;40;100m8[0;34;5;40;100m8[0;1;30;90;40m8[0;30;5;40;100mX[0;34;5;40;100m@[0;1;30;90;40m8[0;34;5;40;100mX[0;1;30;90;40m8[0;34;5;40;100m@8[0;33;5;40;100m%[0;35;5;40;100m [0;34;40m;[0;31;40m.[0;32;40m  [0m
[0;34;40m                       [0;31;40m    [0;34;40m   ...[0;30;5;40;100m8[0;37;5;40;100m%%[0;33;5;40;100m:[0;31;5;40;100m@[0;30;5;40;100m@[0;31;5;40;100m@[0;32;5;40;100mX[0;35;5;40;100m8[0;32;5;40;100mS[0;31;5;40;100mS[0;35;5;40;100mt[0;32;5;40;100mS[0;31;5;40;100mS[0;34;5;40;100mS[0;33;5;40;100m@[0;35;5;40;100m8[0;33;5;40;100m8[0;34;5;40;100mX[0;33;5;40;100m%[0;35;5;40;100m%[0;33;5;40;100mX[0;34;5;40;100mX[0;33;5;40;100m@[0;34;5;40;100mS[0;31;5;40;100mS[0;35;5;40;100m%[0;33;5;40;100m@[0;35;5;40;100m%[0;32;5;40;100mS[0;35;5;40;100m@[0;32;5;40;100m@[0;35;5;40;100m@[0;33;5;40;100m@[0;35;5;40;100mX[0;33;5;40;100m%[0;1;30;90;40m8[0;35;5;40;100m@[0;1;30;90;40m8[0;33;5;40;100m.[0;35;5;40;100m  [0;37;5;40;100m%[0;35;5;40;100m    :S[0;1;30;90;40m8[0;33;5;40;100mS[0;35;5;40;100mX[0;33;5;40;100m8[0;35;5;40;100m@[0;32;5;40;100mS[0;35;5;40;100mX[0;30;5;40;100mX[0;33;5;40;100m%[0;35;5;40;100mS[0;32;5;40;100mS[0;35;5;40;100mS[0;32;5;40;100mS[0;31;5;40;100mS[0;36;5;40;100mt[0;31;5;40;100mX[0;35;5;40;100m%[0;33;5;40;100mS[0;35;5;40;100m%[0;32;5;40;100mX[0;31;5;40;100m%[0;30;5;40;100m888[0;34;5;40;100m8[0;1;30;90;40m8[0;30;5;40;100mX[0;34;5;40;100m@[0;32;40m@[0;34;5;40;100m@[0;1;30;90;40m8[0;30;5;40;100m8[0;1;30;90;44m8[0;33;5;40;100m [0;30;5;40;100mS[0;31;40m [0;32;40m  [0m
[0;34;40m                       [0;31;40m    [0;34;40m   [0;32;40m    .[0;31;40m%[0;30;5;40;100m88S[0;36;5;40;100m.[0;35;5;40;100m.[0;33;5;40;100m%[0;35;5;40;100m8[0;32;5;40;100mS[0;35;5;40;100mS[0;31;5;40;100m%[0;36;5;40;100mt[0;31;5;40;100mS[0;35;5;40;100mt[0;32;5;40;100mX[0;35;5;40;100mX[0;33;5;40;100m@[0;35;5;40;100m@[0;32;5;40;100mX[0;35;5;40;100mX[0;33;5;40;100m@[0;34;5;40;100mS[0;33;5;40;100m@[0;35;5;40;100m%[0;32;5;40;100mS[0;35;5;40;100mX[0;33;5;40;100m@[0;35;5;40;100m@[0;32;5;40;100mS[0;31;5;40;100mS[0;33;5;40;100m%[0;34;5;40;100mX[0;33;5;40;100m@[0;35;5;40;100mX[0;30;5;40;100mX8[0;31;5;40;100m8S[0;35;5;40;100m    [0;37;5;40;100mS[0;35;5;40;100m  :[0;33;5;40;100mX[0;1;30;90;40m8[0;31;5;40;100mS[0;36;5;40;100m%[0;31;5;40;100mX[0;32;5;40;100mS[0;35;5;40;100mX[0;33;5;40;100m8[0;35;5;40;100mX[0;32;5;40;100mS[0;35;5;40;100mS[0;33;5;40;100mX[0;31;5;40;100mS[0;35;5;40;100mt[0;33;5;40;100mt[0;35;5;40;100mX[0;32;5;40;100mS[0;35;5;40;100m%[0;32;5;40;100mS[0;35;5;40;100mX[0;33;5;40;100m%[0;35;5;40;100m%[0;1;30;90;40m8[0;30;5;40;100m8[0;34;5;40;100m8[0;1;30;90;40m8[0;34;5;40;100mX[0;1;30;90;40m8[0;34;5;40;100m@8[0;1;30;90;40m8[0;34;5;40;100mX[0;1;30;90;40m8[0;30;5;40;100mX[0;36;5;40;100m [0;33;5;40;100m.[0;31;40m.[0;32;40m  [0m
[0;34;40m                        [0;31;40m  [0;34;40m    [0;32;40m    [0;34;40m..[0;32;40m.[0;34;40m [0;32;40m [0;31;40m :[0;30;5;40;100m8[0;33;5;40;100m%[0;35;5;40;100m;[0;33;5;40;100mt%[0;31;5;40;100mX[0;36;5;40;100m%[0;31;5;40;100mX[0;35;5;40;100mt[0;32;5;40;100mS[0;35;5;40;100m@[0;32;5;40;100mS[0;31;5;40;100mS[0;35;5;40;100mt[0;31;5;40;100mS[0;33;5;40;100m%[0;35;5;40;100m@[0;32;5;40;100mS[0;31;5;40;100mS[0;32;5;40;100m%[0;35;5;40;100mX[0;32;5;40;100mX[0;35;5;40;100mX[0;33;5;40;100mS[0;35;5;40;100mX[0;33;5;40;100m@[0;34;5;40;100m@[0;33;5;40;100m@[0;31;5;40;100mS[0;30;5;40;100m88@[0;35;5;40;100m  [0;37;5;40;100mS[0;35;5;40;100m    :S[0;30;5;40;100m8[0;31;5;40;100mX[0;33;5;40;100m%[0;34;5;40;100mS[0;33;5;40;100mS[0;31;5;40;100mS[0;34;5;40;100mS[0;33;5;40;100m@[0;35;5;40;100m@[0;32;5;40;100mS[0;35;5;40;100m@[0;33;5;40;100m%[0;35;5;40;100m:[0;33;5;40;100mt[0;31;5;40;100mS[0;33;5;40;100mt[0;31;5;40;100mS[0;35;5;40;100mt[0;33;5;40;100m@[0;35;5;40;100mX[0;30;5;40;100m@[0;31;5;40;100mS[0;36;5;40;100m@[0;30;5;40;100m8[0;34;5;40;100m8[0;1;30;90;40m8[0;34;5;40;100mX[0;32;40m@[0;34;5;40;100m8[0;30;5;40;100m@8[0;34;5;40;100m@[0;30;5;40;100m8[0;34;5;40;100m8[0;33;5;40;100m [0;1;30;90;40m8[0;32;40m  [0m
[0;34;40m                              [0;32;40m    .[0;34;40m         [0;30;5;40;100m8[0;35;5;40;100m [0;37;5;40;100mS[0;31;5;40;100mS[0;32;5;40;100mS[0;31;5;40;100mX[0;35;5;40;100m%[0;33;5;40;100m@[0;35;5;40;100mX[0;32;5;40;100mS[0;35;5;40;100m%[0;32;5;40;100mS[0;35;5;40;100mX[0;32;5;40;100mS[0;35;5;40;100mX[0;33;5;40;100mS[0;35;5;40;100mX[0;32;5;40;100mS[0;31;5;40;100mS[0;33;5;40;100m%[0;34;5;40;100mX[0;33;5;40;100m@[0;34;5;40;100mS[0;33;5;40;100m@[0;35;5;40;100m@[0;32;5;40;100m%[0;31;5;40;100m@[0;30;5;40;100m88[0;35;5;40;100m.    [0;37;5;40;100mS[0;35;5;40;100m [0;33;5;40;100m :[0;30;5;40;100mX8[0;35;5;40;100mt[0;33;5;40;100mS[0;35;5;40;100m@[0;32;5;40;100mS[0;31;5;40;100mS[0;36;5;40;100m%[0;31;5;40;100mX[0;33;5;40;100m%[0;35;5;40;100m%[0;33;5;40;100m;.[0;35;5;40;100m;[0;36;5;40;100mt[0;31;5;40;100mS[0;36;5;40;100m%[0;31;5;40;100mX[0;36;5;40;100mX[0;31;5;40;100mS[0;1;30;90;40m8[0;34;5;40;100mX[0;35;5;40;100m%[0;34;5;40;100m8[0;1;30;90;40m8[0;34;5;40;100mX[0;1;30;90;40m8[0;34;5;40;100m@[0;30;5;40;100m8[0;34;5;40;100m8[0;1;30;90;40m8[0;34;5;40;100m@[0;1;30;90;40m8[0;30;5;40;100m@[0;36;5;40;100m [0;33;5;40;100m;[0;34;40m  [0m
[0;34;40m                              [0;32;40m   [0;31;40m [0;34;40m          .[0;31;40m:[0;1;30;90;40m@[0;30;5;40;100mX[0;35;5;40;100mt[0;33;5;40;100m..:;[0;31;5;40;100mSS[0;36;5;40;100mt[0;31;5;40;100mX[0;33;5;40;100m%[0;35;5;40;100mS[0;32;5;40;100mX[0;31;5;40;100mS[0;35;5;40;100m%[0;33;5;40;100m%[0;35;5;40;100mX[0;33;5;40;100m@[0;34;5;40;100mS[0;31;5;40;100mS[0;35;5;40;100m%[0;32;5;40;100mS[0;35;5;40;100mS[0;32;5;40;100mS[0;30;5;40;100m8[0;31;5;40;100m8[0;35;5;40;100m%[0;33;5;40;100m [0;35;5;40;100m [0;37;5;40;100m%[0;35;5;40;100m     t[0;30;5;40;100m8[0;33;5;40;100m%[0;35;5;40;100mX[0;32;5;40;100mS[0;35;5;40;100mS[0;33;5;40;100mS[0;35;5;40;100mX[0;32;5;40;100mS[0;35;5;40;100mX[0;33;5;40;100mS[0;35;5;40;100m [0;33;5;40;100m:t[0;35;5;40;100mS[0;33;5;40;100mS[0;35;5;40;100mS[0;32;5;40;100mS[0;31;5;40;100mS[0;33;5;40;100m%[0;1;30;90;40m8[0;30;5;40;100m8[0;34;5;40;100m@[0;30;5;40;100m8[0;34;5;40;100mS[0;1;30;90;40m8[0;34;5;40;100mX[0;1;30;90;40m8[0;34;5;40;100m@[0;1;30;90;40m8[0;34;5;40;100mX[0;1;30;90;40m8[0;34;5;40;100mX[0;30;5;40;100m@[0;36;5;40;100mt[0;35;5;40;100m:[0;34;40m  [0m
[0;34;40m                               [0;32;40m  [0;34;40m            . [0;32;40m   :[0;1;30;90;40mX8[0;36;5;40;100mS[0;33;5;40;100mt[0;35;5;40;100m;[0;33;5;40;100m:[0;31;5;40;100m%S[0;35;5;40;100mS[0;32;5;40;100mX[0;31;5;40;100mS[0;34;5;40;100mS[0;33;5;40;100m@[0;34;5;40;100mS[0;33;5;40;100mX[0;35;5;40;100m%[0;33;5;40;100m@[0;35;5;40;100mX[0;33;5;40;100mX[0;35;5;40;100m@[0;33;5;40;100m%[0;1;30;90;40m8@[0;33;5;40;100mt[0;35;5;40;100m;.     [0;33;5;40;100m.[0;31;5;40;100m@S[0;36;5;40;100m%[0;31;5;40;100mX[0;33;5;40;100m%[0;34;5;40;100mS[0;33;5;40;100m@[0;35;5;40;100m@[0;33;5;40;100mX[0;35;5;40;100m.[0;33;5;40;100m .[0;35;5;40;100mt[0;33;5;40;100mX[0;34;5;40;100mS[0;33;5;40;100m@[0;35;5;40;100m@[0;33;5;40;100m%[0;1;30;90;40m8[0;34;5;40;100m8[0;1;30;90;40m8[0;30;5;40;100m@[0;34;5;40;100m@[0;1;30;90;40m8[0;34;5;40;100mX[0;1;30;90;40m8[0;34;5;40;100mX[0;1;30;90;40m8[0;34;5;40;100mX[0;1;30;90;40m8[0;34;5;40;100mX[0;1;30;90;40m8[0;34;5;40;100m8[0;30;5;40;100m8[0;37;5;40;100mS[0;34;40m;[0;32;40m.[0m
[0;34;40m                                             [0;32;40m     [0;34;40m. [0;31;40m   .[0;1;30;90;40m8[0;36;5;40;100m: [0;33;5;40;100m [0;35;5;40;100m [0;33;5;40;100m;[0;31;5;40;100mSXX[0;30;5;40;100m@X[0;31;5;40;100mX[0;30;5;40;100m@X[0;31;5;40;100mS[0;30;5;40;100mS[0;31;5;40;100mX[0;31;40mX[0;30;5;40;100m8[0;31;5;40;100mX[0;35;5;40;100mX[0;33;5;40;100mS[0;35;5;40;100mS    [0;33;5;40;100m;[0;30;5;40;100m8[0;33;5;40;100m%[0;35;5;40;100mX[0;30;5;40;100mS[0;33;5;40;100mS[0;34;5;40;100mS[0;33;5;40;100mX[0;35;5;40;100m;[0;33;5;40;100m. :t[0;35;5;40;100mX[0;33;5;40;100m@[0;34;5;40;100mS[0;33;5;40;100mX[0;34;5;40;100mS[0;31;40m8[0;34;5;40;100mX[0;30;5;40;100m@[0;34;5;40;100m8[0;1;30;90;40m8[0;34;5;40;100mX[0;1;30;90;40m8[0;34;5;40;100mX[0;1;30;90;40m8[0;34;5;40;100mX[0;1;30;90;40m8[0;34;5;40;100mS[0;32;40m@[0;34;5;40;100m@[0;1;30;90;40m8[0;34;5;40;100m8[0;33;5;40;100m X[0;34;40m [0m
[0;34;40m                                             [0;32;40m     [0;31;40m     [0;34;40m  [0;32;40m.;[0;1;30;90;40m@8[0;30;5;40;100m8@S[0;36;5;40;100mX[0;31;5;40;100mX[0;36;5;40;100mt[0;33;5;40;100mt[0;35;5;40;100m;[0;33;5;40;100mt[0;36;5;40;100m;[0;33;5;40;100mt[0;36;5;40;100m [0;33;5;40;100m [0;31;40m8[0;30;5;40;100m888S[0;35;5;40;100m@[0;33;5;40;100mt[0;35;5;40;100m::S[0;30;5;40;100m@[0;35;5;40;100m;[0;33;5;40;100m [0;1;30;90;47m%[0;33;5;40;100m .[0;35;5;40;100m [0;33;5;40;100m.: .[0;35;5;40;100mt[0;33;5;40;100mX[0;35;5;40;100m@[0;33;5;40;100m@[0;34;5;40;100mS[0;31;5;40;100mS[0;1;30;90;40m8[0;30;5;40;100m@[0;34;5;40;100m8[0;1;30;90;40m8[0;30;5;40;100mX@[0;34;5;40;100m@[0;32;40m@[0;34;5;40;100m@[0;1;30;90;40m8[0;34;5;40;100mX[0;1;30;90;40m8[0;34;5;40;100m@[0;30;5;40;100m8[0;34;5;40;100m@[0;1;30;90;40m8[0;36;5;40;100m:[0;35;5;40;100mt[0;32;40m [0m
[0;34;40m                                             [0;32;40m     [0;31;40m     [0;34;40m  .[0;31;40m:.. [0;34;40m [0;32;40m [0;31;40m [0;32;40m [0;31;40m [0;34;40m [0;32;40m [0;34;40m   [0;1;30;90;40m8[0;37;5;40;100m@[0;1;30;90;40m8[0;31;40m8[0;30;5;40;100mX[0;34;5;40;100mS[0;30;5;40;100m88@[0;31;5;40;100mS[0;34;5;40;100mX[0;30;5;40;100mS[0;31;5;40;100m8[0;1;30;90;40m8[0;1;30;90;41m8[0;33;5;40;100m%[0;35;5;40;100m:[0;31;40mt[0;1;30;90;40m8[0;33;5;40;100mt[0;35;5;40;100m [0;37;5;40;100mt[0;33;5;40;100m%[0;35;5;40;100mS[0;33;5;40;100mX[0;30;5;40;100mX[0;35;5;40;100mS[0;33;5;40;100mX[0;30;5;40;100m88[0;34;5;40;100m8[0;1;30;90;40m8[0;34;5;40;100mX[0;1;30;90;40m8[0;34;5;40;100m@[0;1;30;90;40m8[0;34;5;40;100m@[0;30;5;40;100m@[0;34;5;40;100m@[0;1;30;90;40m8[0;34;5;40;100mX[0;1;30;90;40m8[0;34;5;40;100m@[0;1;30;90;40m8[0;34;5;40;100m@[0;30;5;40;100m@[0;33;5;40;100m [0;32;40m:[0m
[0;34;40m                                             [0;32;40m    [0;34;40m [0;31;40m        [0;34;40m     [0;31;40m    [0;34;40m     :[0;33;5;40;100m X[0;30;41m8[0;30;5;40;100m8[0;31;40m8[0;35;5;40;100mt[0;30;5;40;100m@[0;34;5;40;100mX[0;30;5;40;100m88[0;30;41m8[0;31;5;40;100m8[0;1;30;90;41m8@[0;31;40m8[0;37;5;40;100m8[0;1;30;90;40mS[0;31;40m .%[0;35;5;40;100m [0;33;5;40;100m %[0;35;5;40;100mX[0;33;5;40;100m%[0;35;5;40;100m%[0;30;5;40;100mX888[0;34;5;40;100m8[0;1;30;90;40m8[0;34;5;40;100mX[0;1;30;90;40m8[0;34;5;40;100mX[0;1;30;90;40m8[0;34;5;40;100m@[0;1;30;90;40m8[0;34;5;40;100mX[0;1;30;90;40m8[0;34;5;40;100mX[0;1;30;90;40m8[0;34;5;40;100mS[0;1;30;90;40m8[0;34;5;40;100mS[0;33;5;40;100m [0;1;30;90;40mX[0m
[0;34;40m                                                  [0;31;40m       [0;34;40m      [0;31;40m    [0;34;40m     [0;31;40m.[0;35;5;40;100m%[0;33;5;40;100m.[0;31;5;40;100m8[0;31;40m8[0;30;5;40;100m88[0;31;5;40;100m@[0;30;5;40;100m8[0;1;30;90;41m@8[0;31;5;40;100m8[0;31;40m8[0;31;5;40;100m8[0;1;30;90;41m8[0;30;5;40;100m@[0;37;5;40;100m8[0;31;40mt[0;32;40m.[0;34;40m.[0;31;40m.S[0;1;30;90;47m8[0;33;5;40;100m%[0;35;5;40;100mS[0;33;5;40;100mX[0;34;5;40;100mS[0;31;5;40;100m@[0;1;30;90;40m8[0;34;5;40;100m8[0;30;5;40;100m88[0;34;5;40;100m@[0;1;30;90;40m8[0;34;5;40;100mX[0;1;30;90;40m8[0;34;5;40;100mX[0;1;30;90;40m8[0;34;5;40;100mX[0;32;40m8[0;34;5;40;100m@[0;1;30;90;40m8[0;34;5;40;100mS[0;30;5;40;100mX[0;34;5;40;100m@[0;30;5;40;100m8[0;37;5;40;100m@[0;1;30;90;40m8[0m
[0;34;40m                                                   [0;31;40m      [0;34;40m      [0;31;40m   [0;32;40m  [0;34;40m    [0;32;40m :[0;37;5;40;100mS[0;31;5;40;100m8[0;1;30;90;40m@[0;30;41m8[0;31;5;40;100m8[0;1;30;90;40m8[0;1;30;90;41m@[0;31;40m8[0;31;5;40;100m8[0;31;40m8[0;31;5;40;100mX[0;31;40mX[0;31;5;40;100m8[0;30;41m8[0;33;5;40;100m S[0;34;40m  ..[0;35;5;40;100m  [0;33;5;40;100mS[0;35;5;40;100m@[0;33;5;40;100m8[0;1;30;90;40m8[0;36;5;40;100mX[0;30;5;40;100m8[0;1;30;90;44m8[0;1;30;90;40m8[0;34;5;40;100mX[0;1;30;90;40m8[0;34;5;40;100mX[0;1;30;90;40m8[0;34;5;40;100mX[0;1;30;90;40m8[0;34;5;40;100mX8[0;1;30;90;40m8[0;34;5;40;100mX[0;1;30;90;40m8[0;34;5;40;100mS[0;1;30;90;40m8[0;30;5;40;100m@[0;36;5;40;100m [0;30;5;40;100mS[0m
[0;34;40m                                                    [0;31;40m    [0;34;40m       [0;31;40m   [0;32;40m  [0;34;40m    [0;32;40m [0;31;40m [0;30;5;40;100m@[0;33;5;40;100m [0;1;30;90;41m8[0;1;30;90;40m8[0;31;40m8[0;31;5;40;100m8[0;31;40m8[0;31;5;40;100mX[0;31;40m@[0;31;5;40;100mS[0;30;41m8[0;31;5;40;100mS[0;31;40m@[0;31;5;40;100mS[0;33;5;40;100mX[0;35;5;40;100mt[0;34;40m  [0;32;40m .[0;31;40mt[0;37;5;40;100mS[0;35;5;40;100m:[0;33;5;40;100mS[0;34;5;40;100mX[0;30;5;40;100m8[0;35;5;40;100mX[0;34;5;40;100mX[0;1;30;90;40m8[0;34;5;40;100mX[0;1;30;90;40m8[0;34;5;40;100mS[0;32;40m@[0;34;5;40;100m@[0;1;30;90;40m8[0;34;5;40;100mS[0;32;40m@[0;34;5;40;100m8[0;30;5;40;100m@@[0;34;5;40;100mX[0;30;5;40;100mS[0;1;30;90;44m8[0;30;5;40;100m8[0;36;5;40;100m [0;32;5;40;100m%[0m
[0;34;40m                                                                [0;31;40m  [0;32;40m  [0;34;40m    [0;31;40m  :[0;37;5;40;100mX[0;30;5;40;100m8[0;1;30;90;41m8[0;31;40mS[0;31;5;40;100m8[0;1;30;90;40m8[0;30;41m8[0;31;5;40;100mS[0;31;40m8[0;31;5;40;100mS[0;31;40m8[0;31;5;40;100mS[0;31;40m8[0;31;5;40;100m8[0;36;5;40;100m [0;32;40m;[0;34;40m. .[0;32;40m.[0;31;40m;[0;37;5;40;100mSS[0;33;5;40;100mX[0;30;5;40;100m8[0;36;5;40;100m@[0;34;5;40;100m@[0;30;5;40;100m@@[0;34;5;40;100m@[0;1;30;90;40m8[0;34;5;40;100m@[0;30;5;40;100m@[0;34;5;40;100m@[0;1;30;90;40m8[0;34;5;40;100m@[0;1;30;90;40m8[0;34;5;40;100m@[0;1;30;90;40m8[0;34;5;40;100mX[0;32;5;40;100mS[0;34;40m8[0;32;5;40;100mS[0;35;5;40;100m [0;30;5;40;100mX[0m
[0;34;40m                                                                [0;31;40m  [0;32;40m [0;34;40m     [0;31;40m [0;32;40m .[0;33;5;40;100m.%[0;31;40m@[0;30;5;40;100m8[0;30;41m8[0;31;5;40;100mS[0;30;41m8[0;31;5;40;100mS[0;30;41m8[0;31;5;40;100mS[0;1;30;90;41m888[0;30;5;40;100m8[0;37;5;40;100m8[0;31;40m;[0;34;40m.[0;32;40m  [0;34;40m.[0;32;40m.[0;34;40m.[0;35;5;40;100m. X[0;34;5;40;100mS[0;36;5;40;100mX[0;30;5;40;100m8[0;1;30;90;44m8[0;1;30;90;40m8[0;34;5;40;100mX[0;1;30;90;40m8[0;34;5;40;100m@[0;1;30;90;40m8[0;34;5;40;100mX[0;1;30;90;40m8[0;34;5;40;100mX[0;1;30;90;40m8[0;34;5;40;100mX[0;1;30;90;40m8[0;36;5;40;100m8[0;30;5;40;100m8[0;34;5;40;100m8[0;35;5;40;100m [0;1;30;90;40m8[0m
[0;34;40m                                                                [0;31;40m   [0;34;40m        [0;1;30;90;40m@[0;37;5;40;100mS[0;30;5;40;100m8[0;31;40m8[0;31;5;40;100mX[0;1;30;90;41m8[0;1;30;90;40m8[0;1;30;90;41m8[0;31;5;40;100m@[0;30;41m8[0;31;5;40;100mX[0;31;40m8[0;31;5;40;100m@[0;33;5;40;100m8[0;35;5;40;100m.[0;32;40m.[0;34;40m [0;32;40m   [0;34;40m [0;31;40m;[0;37;5;40;100mS[0;35;5;40;100m:[0;36;5;40;100m%[0;35;5;40;100mt[0;34;5;40;100mSX[0;1;30;90;40m8[0;34;5;40;100mS[0;1;30;90;40m8[0;34;5;40;100mX[0;32;40m@[0;34;5;40;100m@[0;1;30;90;40m8[0;34;5;40;100mX[0;1;30;90;40m8[0;34;5;40;100mX[0;1;30;90;40m8[0;34;5;40;100mS8[0;30;5;40;100m8[0;35;5;40;100m  [0;31;40m:[0m
[0;34;40m                                                                [0;31;40m   [0;34;40m        [0;31;40m:[0;37;5;40;100m@[0;31;5;40;100m8[0;1;30;90;40m8[0;31;40mX[0;31;5;40;100m@[0;30;41m8[0;31;5;40;100m@[0;30;41m8[0;33;5;40;100m8[0;30;41m8[0;31;5;40;100mX[0;30;41m8[0;33;5;40;100m%[0;35;5;40;100m.[0;31;40m.[0;34;40m.[0;32;40m   .[0;30;5;40;100mX[0;33;5;40;100m [0;35;5;40;100m:[0;36;5;40;100mtS[0;34;5;40;100mS[0;36;5;40;100m@[0;1;30;90;40m8[0;34;5;40;100m@[0;1;30;90;40m8[0;34;5;40;100mX8[0;1;30;90;40m8[0;34;5;40;100mX[0;1;30;90;40m8[0;34;5;40;100mX[0;1;30;90;40m8[0;34;5;40;100mX[0;30;5;40;100mX[0;36;5;40;100m [0;37;5;40;100m8[0;30;5;40;100mX[0;31;40m:[0;34;40m [0m
[0;34;40m                                                                  [0;31;40m [0;34;40m        .[0;33;5;40;100m S[0;1;30;90;40m@[0;31;40m8[0;31;5;40;100mX[0;31;40m8[0;33;5;40;100m8[0;1;30;90;41m@@[0;31;5;40;100m8[0;1;30;90;41m88[0;31;5;40;100mS[0;36;5;40;100m [0;32;40m.[0;31;40m  [0;32;40m [0;34;40m  [0;35;5;40;100m [0;37;5;40;100m8[0;35;5;40;100m ;[0;36;5;40;100mt[0;35;5;40;100mS[0;34;5;40;100mS[0;30;5;40;100m@8[0;34;5;40;100m@[0;32;40m@[0;34;5;40;100m8[0;30;5;40;100m@@[0;34;5;40;100m@[0;1;30;90;40m8[0;34;5;40;100mX[0;32;40m8[0;37;5;40;100m%[0;36;5;40;100m:[0;31;40m:[0;32;40m [0;34;40m  [0m
[0;34;40m                                                                          [0;32;40m  [0;1;30;90;40m8[0;35;5;40;100m [0;31;5;40;100m8[0;1;30;90;40m8[0;1;30;90;41m88888[0;30;41m8[0;31;5;40;100m@[0;31;40m8[0;33;5;40;100mt[0;35;5;40;100m [0;31;40m:[0;34;40m.[0;32;40m  [0;34;40m [0;1;30;90;40m8[0;37;5;40;100m8[0;35;5;40;100m [0;37;5;40;100m@[0;36;5;40;100m:[0;35;5;40;100m%[0;36;5;40;100m8[0;34;5;40;100mS@[0;1;30;90;40m8[0;34;5;40;100m@[0;30;5;40;100m88[0;34;5;40;100m8[0;1;30;90;40m8[0;30;5;40;100m@[0;36;5;40;100m8[0;35;5;40;100m;.[0;1;30;90;40mX[0;34;40m     [0m
[0;34;40m                                                                          [0;32;40m  [0;31;40mt[0;1;30;90;47mX[0;31;5;40;100m@[0;1;30;90;40m@[0;1;30;90;41m88[0;33;41m8[0;1;30;90;41m88[0;31;5;40;100m@[0;1;30;90;41m8[0;31;5;40;100m8[0;1;30;90;41m8[0;37;5;40;100mX[0;36;5;40;100m [0;1;30;90;40mS[0;32;40m   [0;33;5;40;100m:[0;35;5;40;100m [0;37;5;40;100m8S[0;36;5;40;100m %[0;35;5;40;100mS[0;36;5;40;100m@[0;34;5;40;100m8[0;30;5;40;100m@8[0;34;5;40;100m8[0;1;30;90;40m8[0;30;5;40;100m88[0;36;5;40;100m [0;33;5;40;100m [0;1;30;90;40mX[0;32;40m [0;34;40m      [0m
[0;34;40m                                                                          ;[0;33;5;40;100m%[0;36;5;40;100m [0;33;5;40;100mt[0;31;40mX[0;1;30;90;40m8[0;33;41m8[0;1;30;90;41m88[0;33;41m@[0;1;30;90;41m88[0;30;41m8[0;31;5;40;100m@[0;31;40m8[0;31;5;40;100m8[0;32;5;40;100mS[0;35;5;40;100m.%[0;32;40m .[0;37;5;40;100mS[0;35;5;40;100m [0;37;5;40;100m8X%[0;36;5;40;100m.t[0;34;5;40;100mX@[0;1;30;90;40m8[0;34;5;40;100m8[0;30;5;40;100m8[0;36;5;40;100mt[0;35;5;40;100m.[0;36;5;40;100m:[0;1;30;90;40m8[0;31;40m:[0;32;40m.[0;34;40m       [0m
[0;34;40m                                                                       :[0;30;5;40;100mS[0;33;5;40;100m.:[0;31;5;40;100m8[0;1;30;90;40m@8[0;31;5;40;100m8[0;31;40mX[0;31;5;40;100mS[0;33;41m88[0;31;5;40;100m8[0;33;41m@[0;1;30;90;41m88[0;31;40m8[0;31;5;40;100mS[0;31;40m8[0;30;5;40;100m@8[0;33;5;40;100m [0;32;40m%[0;30;5;40;100mX[0;35;5;40;100m  [0;1;30;90;47m8[0;37;5;40;100m%t[0;35;5;40;100m:;.[0;36;5;40;100m [0;33;5;40;100m S[0;30;5;40;100m8[0;1;30;90;40mS[0;34;40m.[0;31;40m  [0;34;40m.[0;32;40m [0;34;40m       [0m
[0;34;40m                                                                      [0;32;40m.[0;33;5;40;100m  [0;1;30;90;41m8[0;1;30;90;40m@@[0;1;30;90;41mX[0;1;30;90;40m@8[0;30;41m8[0;1;30;90;43mX[0;1;30;90;41m@[0;33;41m8[0;31;5;40;100m8[0;33;41m8[0;1;30;90;41m8[0;33;41m@[0;1;30;90;41m88[0;31;5;40;100m8[0;1;30;90;40m8[0;31;5;40;100m8[0;37;5;40;100m@[0;1;30;90;40mX@[0;1;30;90;47m8[0;35;5;40;100m:. [0;1;30;90;47m8[0;37;5;40;100m@[0;35;5;40;100m.[0;34;5;40;100m8[0;32;40m:[0;31;40m [0;34;40m   [0;31;40m   [0;32;40m  [0;34;40m       [0m
[0;34;40m                                                                     [0;31;40m [0;30;5;40;100m@[0;37;5;40;100mX[0;30;5;40;100m8[0;31;40mX[0;30;5;40;100m8[0;31;40m@[0;1;30;90;40m8[0;31;40m8[0;31;5;40;100m8[0;1;30;90;41m88[0;33;41m8[0;31;5;40;100m8[0;31;43m8[0;1;30;90;41m888[0;30;41m@[0;33;41m8[0;1;30;90;41m8[0;1;30;90;40m@[0;30;5;40;100m8[0;37;5;40;100mS[0;1;30;90;40mX[0;31;40m.t[0;30;5;40;100mXS8[0;34;40mX%[0;31;40m:[0;32;40m [0;31;40m  [0;34;40m     [0;32;40m    [0;34;40m      [0m
[0;34;40m                                                                     [0;31;40m .[0;1;30;90;40m@[0;33;5;40;100m%[0;35;5;40;100m.[0;1;30;90;47m8[0;33;5;40;100mX[0;1;30;90;41mX88[0;31;43m8[0;1;30;90;41m8[0;31;43m8[0;1;30;90;41m8[0;31;43m8[0;33;41m8[0;1;30;90;41m8[0;33;41m8[0;31;5;40;100m8[0;1;30;90;41m88[0;31;40m@[0;30;5;40;100mX[0;37;5;40;100mS[0;1;30;90;40mX[0;31;40m [0;34;40m. .[0;31;40m.:.[0;32;40m  [0;31;40m  [0;34;40m     [0;32;40m     [0;34;40m     [0m
[0;34;40m                                                                    [0;31;40m [0;34;40m [0;31;40m  [0;34;40m.[0;33;5;40;100m t[0;1;30;90;41m%X[0;31;43m8[0;1;30;90;41m8[0;31;43m8[0;33;5;40;100m8[0;1;31;91;41m8[0;1;30;90;43m8[0;35;41m8[0;1;30;90;43m8[0;33;41mX[0;1;30;90;41m8[0;33;41mX[0;1;30;90;41m8[0;30;41m8[0;33;5;40;100m@[0;37;5;40;100mS[0;31;5;40;100mX[0;34;40m        [0;32;40m  [0;31;40m   [0;34;40m     [0;32;40m  [0;34;40m       [0m
[0;34;40m                                                                     [0;31;40m   [0;35;5;40;100mt[0;33;5;40;100m;[0;1;30;90;41mXX@8[0;1;30;90;43m8[0;35;41mX[0;1;30;90;43m8[0;1;30;90;41m8[0;33;41m8[0;31;43m8[0;35;41m8[0;1;30;90;41m88XX[0;31;5;40;100mX[0;33;5;40;100m [0;30;5;40;100m8[0;34;40m         [0;31;40m      [0;34;40m             [0m
[0;34;40m                                                                    [0;31;40m   [0;32;40m [0;33;5;40;100mt[0;35;5;40;100m:[0;31;5;40;100mS[0;30;5;40;100mS[0;33;5;40;100m@[0;30;5;40;100m@[0;31;5;40;100mXS[0;35;5;40;100m@[0;33;5;40;100mS[0;35;5;40;100m8[0;31;5;40;100m@[0;33;5;40;100mX[0;31;5;40;100mS[0;33;5;40;100m%t;:.[0;34;40m.[0;32;40m  [0;34;40m       [0;31;40m      [0;34;40m             [0m
[0;34;40m                                                                     [0;31;40m [0;32;40m [0;34;40m  [0;32;40m;[0;30;5;40;100m@XS[0;35;5;40;100mS[0;32;5;40;100mS[0;35;5;40;100mS[0;30;5;40;100mS[0;31;5;40;100mX[0;32;5;40;100m@[0;34;5;40;100m@[0;30;5;40;100m88[0;1;30;90;40m8[0;34;40m%[0;31;40mt[0;34;40m:[0;32;40m     [0;34;40m      [0;31;40m       [0;34;40m            [0m
