[0;34;40m                                                           :[0;1;30;90;40mX8@[0;32;40m.[0;34;40m                                                        [0m
[0;34;40m                                                      ;[0;30;5;40;100mX[0;33;5;40;100m.[0;37;5;40;100mSX[0;1;30;90;47m8[0;37;5;40;100mXS[0;1;30;90;47m8[0;35;5;40;100m:[0;31;40m.[0;32;40m [0;31;40m  [0;34;40m                                                    [0m
[0;34;40m                                                [0;31;40m   :[0;36;5;40;100m%[0;37;5;40;100mS[0;1;30;90;47m8[0;33;5;40;100m:%[0;1;31;91;41m8[0;33;5;40;100m.[0;33;5;41;101mt[0;1;30;90;47m888[0;31;40m@[0;32;40m:[0;34;40m.[0;31;40m  [0;32;40m  [0;34;40m                                                  [0m
[0;34;40m                                               [0;31;40m  [0;34;40m ;[0;37;5;40;100mX[0;1;30;90;47mS[0;31;5;40;100m8[0;31;5;41;101m8[0;37;5;41;101m8[0;35;5;41;101m%[0;1;30;90;47m8[0;31;5;41;101m@[0;37;5;40;100m8[0;1;30;90;47mt[0;35;5;40;100m [0;31;40m@[0;34;40m:[0;32;40m.[0;31;40m   [0;32;40m [0;34;40m                                                   [0m
[0;34;40m                                                [0;32;40m [0;1;30;90;40mX[0;37;5;40;100m8[0;1;30;90;47m8[0;33;5;41;101m@[0;1;30;90;47m8[0;35;5;41;101mt[0;1;30;90;47m8[0;31;43m8[0;35;5;40;100m [0;1;30;90;47m%[0;37;5;40;100m%[0;31;5;40;100m8[0;31;40m.[0;32;40m..[0;34;40m                                                        [0m
[0;34;40m                                               [0;32;40m  [0;33;5;40;100m [0;1;30;90;47m8[0;1;31;91;41m8[0;35;47m8[0;31;5;41;101m@[0;33;5;40;100m:[0;1;30;90;47m8[0;1;37;97;47m [0;1;30;90;47m@[0;35;5;40;100mt[0;31;5;40;100m8[0;1;30;90;40m8@[0;34;40m:[0;32;40m.[0;34;40m                                                        [0m
[0;34;40m                                                [0;32;40m:[0;1;30;90;47m88[0;31;5;40;100mX[0;1;30;90;41m8[0;33;5;40;100m [0;1;37;97;47m t[0;1;30;90;47mX8[0;33;5;40;100m [0;1;30;90;47m88;X[0;31;5;40;100m%[0;34;40m:[0;32;40m.[0;34;40m .[0;31;40m:[0;32;40m:[0;34;40m:[0;31;40m.[0;32;40m.[0;34;40m                                               [0m
[0;34;40m                                                [0;31;40m.[0;37;5;40;100m8%[0;35;41m8[0;31;5;40;100m8[0;33;5;40;100mS[0;35;41m8[0;1;31;91;43m8[0;35;5;41;101m@[0;1;31;91;43m8[0;35;5;41;101mX[0;1;30;90;43m8[0;35;5;41;101m8[0;33;5;40;100m@[0;35;5;40;100m%[0;33;5;40;100m [0;1;30;90;47m8[0;37;5;40;100mXX@XSXXS%[0;33;5;40;100m  .[0;1;30;90;40m@[0;34;40m:[0;31;40m.[0;32;40m    [0;34;40m                                    [0m
[0;34;40m                                              [0;32;40m [0;1;30;90;40mX[0;35;5;40;100m [0;1;30;90;47m%[0;33;5;40;100m%[0;33;41m8[0;35;5;41;101mS[0;33;47m8[0;35;5;41;101m [0;1;30;90;47m8[0;37;5;41;101m8[0;35;47m8[0;33;5;41;101m:[0;35;47m@[0;33;5;41;101m;[0;37;5;41;101m8[0;33;5;41;101m;[0;33;47m8[0;31;5;41;101m@[0;31;5;40;100mS[0;1;30;90;41m@8[0;33;5;41;101m@[0;1;30;90;45m8[0;33;5;41;101m;[0;33;5;40;100m:[0;31;5;41;101mt[0;37;5;40;100m;[0;33;5;41;101m%[0;35;5;40;100m:[0;33;5;40;100mt[0;35;5;40;100m [0;1;30;90;47m8[0;33;5;40;100m [0;30;5;40;100m8[0;31;40m.[0;32;40m    [0;34;40m                                  [0m
[0;34;40m                                             .[0;30;5;40;100m@[0;1;30;90;47m:[0;37;5;40;100mS[0;1;30;90;41mX[0;35;5;41;101m@[0;1;30;90;47m8[0;33;5;41;101m.[0;35;47m8[0;33;5;41;101m:[0;1;31;91;47m8[0;33;5;41;101m%[0;1;31;91;47m8[0;33;5;41;101mS[0;33;47m8[0;35;5;41;101mt[0;1;30;90;47m@[0;1;31;91;47m8[0;35;5;41;101m:[0;1;30;90;47m8[0;31;5;41;101m.[0;1;30;90;47m8[0;1;31;91;41m8[0;31;5;40;100mS[0;1;30;90;43m8[0;35;5;41;101m.[0;1;30;90;47m8[0;37;5;41;101m8[0;33;5;41;101mS[0;1;30;90;47m8[0;31;5;41;101mt[0;1;30;90;45m8[0;33;5;41;101m@[0;31;5;40;100mX[0;35;5;40;100m.[0;1;37;97;47m [0;33;5;40;100m.[0;34;40m.[0;31;40m.[0;32;40m    [0;34;40m                                [0m
[0;34;40m                                         [0;32;40m .[0;34;40m:[0;31;40m;[0;36;5;40;100m:[0;1;30;90;47mX[0;33;5;40;100m.[0;31;5;41;101m8[0;1;30;90;47m8[0;33;5;41;101m:[0;1;31;91;47m8[0;33;5;41;101mS[0;33;47m8[0;35;5;41;101m;[0;1;30;90;47m8[0;35;5;41;101mt[0;1;30;90;47m8[0;35;5;41;101m.[0;35;47m@[0;1;31;91;47m88[0;1;33;93;47mX[0;35;5;41;101m:[0;35;47m8[0;33;5;41;101m;[0;1;31;91;47m8[0;33;5;41;101m@[0;1;30;90;45m8[0;33;41m8[0;35;5;40;100m%[0;31;5;41;101m:[0;1;30;90;47m8[0;35;5;41;101m%[0;35;5;40;100m:[0;33;5;40;100m;[0;31;5;41;101m8[0;35;5;40;100m:[0;35;41m8[0;33;5;40;100mX[0;1;30;90;41m8[0;37;5;40;100m@[0;1;30;90;47m8[0;1;30;90;40mX[0;31;40m [0;32;40m  [0;34;40m                                 [0m
[0;34;40m                                     .[0;1;30;90;40m8[0;33;5;40;100m [0;37;5;40;100m8@X[0;1;30;90;47m8[0;37;5;40;100mX[0;1;30;90;47m8[0;35;5;40;100m%[0;33;5;41;101m [0;1;30;90;47m8[0;31;5;41;101m [0;1;30;90;47m8[0;33;5;41;101m;[0;35;47m8[0;35;5;41;101m.[0;1;30;90;47m8[0;33;5;41;101m [0;1;30;90;47m8[0;33;5;41;101m [0;1;30;90;47mX[0;37;5;41;101m8[0;1;33;93;47m@[0;37;5;41;101m8[0;1;31;91;47m8[0;37;5;41;101m8[0;33;5;41;101m%[0;1;30;90;47m8[0;35;5;41;101m;[0;1;30;90;47m8[0;33;5;41;101m [0;1;31;91;47m@[0;33;5;41;101mS[0;35;5;40;100m;[0;1;31;91;41m8[0;1;30;90;47m8[0;31;5;41;101m.[0;35;5;40;100m.[0;1;30;90;45m8[0;33;5;41;101m@[0;35;5;40;100mt[0;35;41mX[0;33;5;40;100mX[0;35;41mX[0;33;5;40;100m;[0;1;30;90;47mS[0;31;5;40;100mX[0;34;40m   .[0;32;40m     [0;34;40m                          [0m
[0;34;40m                                    [0;32;40m.[0;33;5;40;100m:[0;1;30;90;47m [0;35;5;40;100m [0;31;5;40;100mX[0;1;31;91;41m8[0;35;5;40;100m:[0;31;5;41;101mS[0;35;5;40;100m;[0;31;5;41;101m@[0;33;47m8[0;35;5;41;101m:[0;33;47m8[0;35;5;41;101m:[0;33;47m8[0;35;5;41;101m:[0;33;47m8[0;35;5;41;101m:[0;33;47m@[0;35;5;41;101m.[0;33;47m8[0;37;5;41;101m8[0;1;31;91;47m@[0;1;37;97;47m  [0;1;31;91;47mX[0;37;5;41;101m8[0;1;31;91;47m8[0;35;5;41;101mS[0;33;47m8[0;35;5;41;101m:[0;1;31;91;47m88[0;35;5;41;101mX[0;1;30;90;47m8[0;33;5;41;101m.[0;33;5;40;100m.[0;31;5;41;101m8[0;37;5;40;100m;[0;35;5;41;101m.[0;1;30;90;47m8[0;35;41m8[0;1;31;91;43m8[0;1;30;90;45m8[0;1;31;91;41m8[0;33;5;40;100m;[0;1;30;90;41m8[0;33;5;40;100m;[0;1;30;90;47m:[0;30;5;40;100m@X[0;36;5;40;100m [0;37;5;40;100m8[0;33;5;40;100m [0;32;40m;[0;31;40m.[0;34;40m.[0;31;40m   [0;32;40m [0;34;40m                       [0m
[0;34;40m                                   [0;31;40m.[0;35;5;40;100m [0;1;30;90;47mS[0;35;5;40;100m;[0;31;5;41;101mS[0;1;30;90;47m8[0;33;5;41;101m.[0;33;47m@[0;35;5;41;101mt[0;33;5;40;100m:[0;35;5;41;101m;[0;1;31;91;47m8[0;35;5;41;101mS[0;33;47m8[0;35;5;41;101m:[0;35;47m8[0;33;5;41;101m:[0;35;47m8[0;33;5;41;101m:[0;35;47m8[0;33;5;41;101m:[0;35;47m8[0;33;5;41;101m.[0;1;31;91;47m8[0;37;5;41;101m88[0;1;31;91;47mS[0;35;5;41;101m [0;1;30;90;47m8[0;33;5;41;101m:[0;35;47m8[0;33;5;41;101m;[0;1;30;90;47m8[0;33;5;41;101m;[0;33;47m8[0;35;5;41;101m.[0;1;30;90;47m8[0;33;5;41;101m [0;1;30;90;47m8[0;1;31;91;41m8[0;33;5;40;100mt[0;1;30;90;41m@[0;31;5;40;100mX@[0;33;5;40;100mX[0;31;45m8[0;1;30;90;41m888[0;35;5;40;100m;[0;1;30;90;47m8[0;33;5;40;100m  t[0;1;30;90;47m%[0;35;5;40;100mS[0;32;40m       [0;34;40m                      [0m
[0;34;40m                                   [0;36;5;40;100m:[0;1;30;90;47m%[0;31;5;40;100mX[0;33;5;41;101mS[0;1;30;90;47m8[0;31;5;41;101m [0;1;30;90;47m8[0;35;5;41;101m [0;1;30;90;47m8[0;33;5;41;101m [0;1;30;90;47m8[0;33;5;41;101m;[0;1;30;90;47m8[0;35;5;41;101m [0;1;30;90;47m8[0;33;5;41;101m [0;1;30;90;47m8[0;33;5;41;101m [0;1;30;90;47m8[0;37;5;41;101m8[0;1;31;91;47m88[0;33;47m8[0;35;5;41;101m [0;1;31;91;47m@[0;37;5;41;101m88[0;1;31;91;47m8[0;33;5;41;101mt[0;1;30;90;47m8[0;33;5;41;101m [0;1;30;90;47m8[0;31;5;41;101m [0;1;30;90;47m8[0;35;5;41;101m [0;1;30;90;47m8[0;31;5;41;101m [0;1;30;90;47m8[0;31;5;41;101m:[0;37;5;40;100mt[0;35;5;41;101mS[0;33;5;40;100m:[0;35;5;41;101m@[0;35;5;40;100mt[0;31;5;41;101m8[0;33;5;40;100m;[0;1;30;90;45m8[0;31;43m8[0;1;30;90;45m8[0;33;41m8[0;1;30;90;45m8[0;33;5;41;101m@[0;35;5;40;100m@[0;33;5;40;100m [0;1;30;90;47m8[0;31;40m;[0;32;40m.[0;31;40m  [0;32;40m     [0;34;40m                     [0m
[0;34;40m                                  ;[0;1;30;90;47mt[0;33;5;40;100m [0;35;47m8[0;33;5;41;101m:[0;35;47m8[0;33;5;41;101m;[0;1;30;90;47m8[0;35;5;41;101m:[0;33;47m8[0;35;5;41;101m;[0;37;5;40;100m:[0;37;5;41;101m8[0;35;5;41;101m:[0;1;30;90;47m8[0;33;5;41;101m [0;1;30;90;47m8[0;33;5;41;101m [0;1;37;97;47m [0;37;5;41;101m8[0;1;37;97;47m [0;1;33;93;47mX[0;1;31;91;47m@[0;37;5;41;101m8[0;1;31;91;47m8[0;33;5;41;101mt[0;35;47m8[0;33;5;41;101m:[0;1;30;90;47m8[0;35;5;41;101m.[0;33;47m8[0;35;5;41;101m.[0;33;47m8[0;35;5;41;101m.[0;35;47m8[0;33;5;41;101m.[0;1;31;91;47m8[0;33;5;41;101mS[0;35;47m8[0;33;5;41;101m8[0;1;30;90;45m8[0;1;30;90;43m8[0;35;5;41;101mS[0;33;5;40;100m.[0;33;5;41;101m@[0;35;5;40;100m:[0;35;5;41;101mX[0;1;30;90;43m8[0;35;5;41;101mX[0;35;5;40;100m.[0;35;5;41;101m%[0;33;5;40;100m:[0;31;5;40;100mX[0;33;5;40;100m:[0;1;30;90;47mS[0;30;41m8[0;32;40m:        [0;34;40m                     [0m
[0;34;40m                                 [0;32;40m.[0;33;5;40;100m:[0;1;30;90;47mS[0;33;5;40;100mS[0;1;31;91;47m8[0;33;47m8[0;33;5;41;101m [0;33;5;40;100m [0;33;5;41;101m:[0;1;30;90;47m8[0;35;5;41;101m [0;1;30;90;47m8[0;1;31;91;41m8[0;1;30;90;47m8[0;33;5;41;101m.[0;1;30;90;47m8[0;1;31;91;47m@[0;1;33;93;47mS[0;1;37;97;47m [0;37;5;41;101m8[0;1;37;97;47m   [0;1;31;91;47mX[0;37;5;41;101m888[0;33;5;41;101mS[0;1;30;90;47m8[0;31;5;41;101m [0;1;30;90;47m8[0;35;5;41;101m [0;35;47m@[0;35;5;41;101m.[0;1;30;90;47m8[0;33;5;41;101m [0;1;30;90;47m8[0;35;5;41;101mS[0;1;30;90;47m8[0;31;5;41;101m@[0;35;5;40;100m [0;35;5;41;101mt[0;37;5;40;100m%[0;1;31;91;45m8[0;33;5;40;100m.[0;1;31;91;45m8[0;33;5;40;100m.[0;35;5;41;101mX[0;37;5;40;100mt[0;35;5;41;101m8[0;33;5;40;100m;S[0;1;31;91;41mX[0;31;5;40;100m8[0;1;30;90;47m%[0;33;5;40;100m.[0;31;40m;[0;34;40m.[0;32;40m        [0;34;40m                     [0m
[0;34;40m                                [0;31;40m :[0;1;30;90;47mX[0;35;5;40;100m.[0;37;5;41;101m8[0;1;31;91;47mXX@[0;33;5;41;101m8[0;35;47m8[0;33;5;41;101m [0;1;30;90;47m8[0;33;5;41;101m:[0;33;5;40;100m.:[0;1;30;90;47m8[0;37;5;41;101m8[0;1;37;97;47m. [0;37;5;47;107m8[0;1;33;93;47m%[0;37;5;47;107m8[0;1;33;93;5;41;101m8[0;1;35;95;5;41;101m8[0;37;5;41;101m88[0;33;5;41;101mS[0;1;30;90;47m8[0;35;5;41;101m:[0;1;31;91;47m8[0;33;5;41;101m%[0;35;47m8[0;33;5;41;101m:[0;33;47m8[0;35;5;41;101m.[0;1;30;90;47m8[0;33;5;41;101m;[0;37;5;40;100m:[0;33;5;41;101m@[0;35;5;40;100m%[0;1;30;90;45m8[0;33;5;41;101mX[0;35;5;40;100m [0;35;5;41;101mX[0;33;5;40;100m.[0;33;5;41;101m%[0;37;5;40;100mt[0;35;5;41;101mX[0;33;5;40;100m:[0;1;30;90;41m8[0;33;5;40;100mX[0;35;41mX[0;1;30;90;41m8[0;35;5;40;100m%[0;1;30;90;41m8[0;33;5;40;100m [0;1;30;90;47m8[0;31;40m;[0;32;40m.        [0;34;40m                     [0m
[0;34;40m                               [0;31;40m [0;34;40m [0;1;30;90;40m@[0;1;30;90;47mt[0;33;5;40;100m:[0;1;31;91;47mX@@X[0;33;5;40;100m.[0;1;31;91;47m@[0;1;33;93;47mS[0;1;31;91;47m@[0;1;37;97;47m [0;1;31;91;41m8[0;1;37;97;47m  [0;1;30;90;43m8[0;37;5;41;101m8[0;1;31;91;47mXX[0;37;5;41;101m8[0;1;37;97;47m [0;37;5;41;101m888[0;1;31;91;47m8[0;35;5;41;101mS[0;33;47m8[0;35;5;41;101m;[0;1;30;90;47m8[0;33;5;41;101m:[0;33;47m8[0;35;5;41;101m.[0;35;47m8[0;33;5;41;101m;[0;1;30;90;47m8[0;35;5;41;101mS[0;37;5;40;100m:[0;1;31;91;45m8[0;1;30;90;43m8[0;35;5;41;101m@[0;37;5;40;100m%[0;1;30;90;45m8[0;1;30;90;43m8[0;1;30;90;45m8[0;35;5;40;100m;[0;1;30;90;41m8[0;33;5;40;100m8[0;1;30;90;41mX8[0;1;30;90;45m8[0;33;5;41;101mX[0;1;30;90;45m8[0;33;5;41;101m@[0;31;5;40;100m@X[0;1;30;90;47mX[0;31;40mt[0;34;40m.[0;32;40m.[0;31;40m.[0;32;40m.[0;34;40m.[0;31;40m    [0;34;40m                     [0m
[0;34;40m                                 [0;30;5;40;100m8[0;1;30;90;47m%[0;33;5;40;100m;[0;1;37;97;47m [0;37;5;41;101m8[0;1;33;93;47mX[0;37;5;41;101m88[0;33;5;40;100m:[0;37;5;41;101m8[0;1;31;91;47mX@[0;33;47mX[0;33;5;41;101m8[0;1;30;90;47mX[0;1;37;97;47mSS. [0;37;5;41;101m8[0;33;5;41;101m [0;33;47m@[0;33;5;41;101m.[0;33;47m8[0;35;5;41;101mt[0;33;47m8[0;35;5;41;101m.[0;1;30;90;47m8[0;35;5;41;101m [0;1;30;90;47m8[0;35;5;41;101m [0;1;30;90;47m8[0;31;5;41;101m;[0;1;30;90;47m8[0;31;5;41;101mX[0;35;5;40;100m [0;35;5;41;101mS[0;33;5;40;100m:[0;35;5;41;101m8[0;33;5;40;100m.[0;31;5;41;101mS[0;33;5;40;100m.[0;35;5;41;101m;[0;33;5;40;100m:[0;31;5;41;101m%[0;35;5;40;100m%[0;1;30;90;41mS[0;31;5;40;100m8[0;1;31;91;45m8[0;1;30;90;43m8[0;1;30;90;45m8[0;33;5;41;101mX[0;35;5;40;100m:[0;1;30;90;41m8[0;35;5;40;100mS[0;1;30;90;47mt[0;30;5;40;100mS[0;33;5;40;100m [0;1;30;90;47m8[0;37;5;40;100m88@[0;35;5;40;100m [0;37;5;40;100mS[0;33;5;40;100m [0;1;30;90;40mS[0;31;40m   [0;34;40m                  [0m
[0;34;40m                                 [0;30;5;40;100m@[0;1;30;90;47m%[0;33;41m8[0;1;31;91;47mSX[0;37;5;41;101m8[0;1;37;97;47m [0;37;5;41;101m8[0;1;31;91;47m@[0;33;5;40;100m:[0;37;5;41;101m8[0;1;31;91;47m@@8[0;35;5;41;101m%[0;33;5;40;100m;[0;31;5;41;101mX[0;1;30;90;47m8[0;33;47m8[0;1;37;97;47m  [0;1;30;90;47mX8[0;1;30;90;45m8[0;33;5;40;100m;[0;1;30;90;45m8[0;1;30;90;43m8[0;35;5;41;101m8[0;33;5;40;100mt[0;31;5;41;101m8[0;35;5;40;100m:[0;1;30;90;41m8[0;35;5;40;100m%[0;33;41mX[0;35;5;40;100mX[0;33;41m8[0;35;5;40;100m;[0;33;5;41;101m8[0;35;5;40;100m%[0;1;30;90;41m8[0;33;5;40;100mS[0;35;41m8[0;33;5;40;100mt[0;35;5;41;101m@[0;33;5;40;100m [0;31;5;41;101m8[0;35;5;40;100m:[0;1;30;90;41m8[0;31;5;40;100m8[0;35;5;41;101m8[0;1;30;90;43m8[0;1;30;90;45m8[0;35;5;41;101mS[0;33;5;40;100m@[0;31;5;40;100mS[0;1;37;97;47m@[0;1;30;90;47m.88Xt[0;1;37;97;47m% [0;35;5;40;100m;[0;1;30;90;47m@[0;35;5;40;100m;[0;32;40m      [0;34;40m               [0m
[0;34;40m                                [0;31;40m [0;30;5;40;100m8[0;1;30;90;47m;[0;35;5;40;100mt[0;1;31;91;47m@XX[0;37;5;41;101m8[0;1;33;93;47m%[0;37;5;41;101m8[0;37;5;47;107m8[0;1;37;97;47m [0;33;5;40;100mX[0;35;5;41;101mS[0;33;47m8[0;35;5;41;101m:[0;35;47m8[0;33;5;41;101m:t[0;35;5;41;101m;[0;33;47m8[0;31;5;41;101mS[0;1;30;90;45m8[0;33;5;41;101mS[0;1;30;90;43m8[0;31;5;41;101m%[0;33;5;40;100mt[0;31;45m8[0;1;30;90;43m8[0;31;45m8[0;33;5;40;100m:[0;31;5;41;101m8[0;35;5;40;100m.[0;35;5;41;101mX[0;35;5;40;100m.[0;35;5;41;101mX[0;35;5;40;100m.[0;35;5;41;101mX[0;35;5;40;100mt[0;1;30;90;41mX[0;31;5;40;100mS[0;35;41m8[0;1;30;90;43m8[0;1;30;90;41mS[0;31;5;40;100m88[0;33;5;40;100mt[0;35;41m8[0;1;30;90;43m8[0;1;30;90;41m8[0;31;5;40;100mX[0;1;31;91;45m8[0;1;30;90;43m8[0;1;30;90;45m8[0;1;30;90;41mS[0;37;5;40;100mX[0;1;30;90;47m:[0;35;5;40;100m%[0;37;5;40;100m%[0;1;37;97;47m [0;1;36;96;47mS[0;1;34;94;47m%[0;36;47m@[0;1;30;90;47m8[0;34;5;40;100m@[0;1;30;90;47m;[0;1;30;90;40m8[0;32;40m       [0;34;40m              [0m
[0;34;40m                               [0;31;40m  [0;30;5;40;100m8[0;1;30;90;47m%[0;1;30;90;43m8[0;37;5;41;101m88[0;1;31;91;47mX[0;37;5;41;101m88[0;35;5;40;100m;[0;37;5;47;107m8X8[0;1;30;90;47m@8[0;33;5;41;101mX[0;33;47m8[0;35;5;41;101m%[0;1;30;90;47m8[0;37;5;41;101m8[0;35;5;41;101m%[0;33;47m8[0;31;5;41;101m [0;1;30;90;47m8[0;35;5;41;101m.[0;1;30;90;47m8[0;31;5;41;101m;[0;1;30;90;47m8[0;31;5;41;101m%[0;37;5;40;100m.[0;35;5;41;101mS[0;37;5;40;100m%[0;35;5;41;101m@[0;33;5;40;100m:[0;33;5;41;101mX[0;35;5;40;100m.;[0;31;5;40;100m8[0;1;30;90;41m@[0;33;5;40;100mS[0;35;5;41;101mX[0;33;5;40;100m.[0;35;5;41;101mS[0;35;5;40;100m%[0;33;5;40;100mS[0;37;5;40;100mX[0;31;5;40;100mX[0;1;30;90;41m88[0;31;5;40;100m8[0;1;30;90;41m8[0;31;5;40;100m8[0;35;5;41;101m8[0;1;30;90;43m8[0;1;30;90;41m@[0;31;5;40;100mS[0;35;5;40;100m%[0;36;5;40;100mS[0;1;30;90;47m8[0;1;34;94;47m@@[0;36;47m@[0;37;5;44;104m8[0;35;5;40;100m;[0;37;5;40;100mS[0;1;30;90;47m8[0;34;40m:[0;32;40m       [0;34;40m              [0m
[0;34;40m                               [0;31;40m  [0;1;30;90;40m8[0;1;37;97;47m [0;1;30;90;45m8[0;33;5;41;101m.[0;1;30;90;47m8[0;31;5;41;101m [0;1;30;90;47m8[0;31;5;41;101mX[0;31;5;40;100mS[0;1;37;97;47m [0;37;5;47;107m8[0;1;37;97;47m;   [0;1;30;90;47m8[0;33;5;40;100m [0;33;5;41;101mX[0;35;5;40;100m.[0;35;5;41;101m;[0;1;30;90;47m8[0;35;5;41;101m;[0;1;30;90;47m8[0;35;5;41;101m@[0;33;5;40;100m:[0;35;5;41;101m@[0;33;5;40;100m;[0;35;5;41;101m@[0;33;5;40;100m.;[0;35;5;41;101m8[0;33;5;40;100m [0;1;30;90;47m88[0;35;5;40;100m [0;1;30;90;47m8[0;33;5;40;100m@[0;1;30;90;41m%[0;1;30;90;45m8[0;1;31;91;43m8[0;1;30;90;45m8[0;1;30;90;43m8[0;35;41m8[0;31;5;40;100mX[0;37;5;40;100m%[0;35;5;40;100m.[0;31;5;40;100mX[0;1;30;90;41m8[0;35;5;40;100m@[0;1;30;90;41m@[0;33;5;40;100m@[0;35;5;40;100mS[0;35;41m@[0;31;5;40;100mX[0;36;5;40;100mX[0;35;5;40;100m;.[0;1;30;90;47m88[0;35;47m@[0;35;5;40;100m..[0;1;30;90;47m88[0;34;40m@[0;31;40m:[0;32;40m.     [0;34;40m               [0m
[0;34;40m                               [0;31;40m :[0;37;5;40;100mX[0;1;30;90;47mt[0;33;5;40;100mt[0;1;30;90;45m8[0;33;5;41;101m@[0;35;5;40;100m;[0;1;30;90;45m8[0;35;5;40;100mt[0;33;5;40;100m;[0;1;37;97;47m [0;37;5;47;107m888[0;1;37;97;47m [0;1;30;90;43m8[0;35;5;40;100m;[0;1;37;97;47m [0;37;5;47;107m8[0;1;37;97;47m [0;37;5;40;100mS[0;1;30;90;41m8[0;31;5;40;100mS[0;1;31;91;41m8[0;33;5;40;100m.[0;35;5;41;101m@[0;33;5;40;100m.[0;35;5;41;101m@[0;33;5;40;100mt:[0;1;30;90;47m@[0;37;5;47;107m@%@[0;37;5;40;100mt[0;33;5;40;100m:[0;35;47m@[0;1;30;90;47m8[0;31;5;40;100mS[0;1;30;90;41m8[0;1;30;90;45m8[0;33;5;41;101mt[0;1;30;90;45m8[0;1;30;90;43m8[0;1;30;90;41m8[0;1;30;90;47m88[0;31;5;40;100m@[0;1;30;90;41m8[0;31;5;40;100mS[0;31;45m8[0;1;30;90;41m8[0;33;5;40;100mX[0;1;30;90;41m8[0;36;5;40;100mt[0;35;5;40;100m.[0;1;34;94;47m8[0;1;30;90;47m8[0;35;5;44;104m@[0;37;5;40;100m%[0;35;5;40;100m;[0;1;30;90;47m8[0;1;37;97;47m [0;37;5;40;100mS[0;30;44m8[0;31;40mt[0;32;40m:      [0;34;40m               [0m
[0;34;40m                            [0;31;40m  :[0;30;5;40;100mS[0;1;30;90;47m8[0;37;5;40;100mX[0;31;5;40;100m8[0;1;30;90;41m8[0;35;5;40;100m%[0;31;5;40;100m@8[0;1;30;90;41m8[0;1;30;90;47m8[0;37;5;47;107m888[0;1;37;97;47mt[0;31;43m8[0;1;30;90;41m8[0;35;5;40;100mX[0;33;41m8[0;31;5;40;100mX[0;1;30;90;47m8[0;37;5;47;107mXt8[0;1;37;97;47mX [0;1;30;90;47mtS8[0;33;5;40;100m [0;1;37;97;47m;[0;37;5;47;107m;:%X[0;1;37;97;47m:[0;35;5;40;100m;[0;1;37;97;47m   [0;1;30;90;47m8[0;33;41mS[0;35;5;40;100m:[0;33;5;41;101mX[0;1;30;90;45m8[0;31;5;41;101m@[0;35;5;40;100m.[0;1;30;90;47m8[0;35;5;40;100m:[0;31;5;40;100mX[0;1;30;90;41m8[0;35;5;40;100m%[0;1;30;90;43m8[0;31;45m8[0;31;5;40;100m8[0;35;5;40;100mt[0;36;5;40;100m:[0;35;5;40;100m.[0;34;5;40;100mS@[0;35;5;40;100m%[0;31;5;40;100m8[0;34;5;40;100mS[0;1;30;90;47m;8[0;34;40m8[0;31;40mt[0;32;40m:       [0;34;40m               [0m
[0;34;40m                           [0;31;40m [0;34;40m;[0;33;5;40;100m [0;1;30;90;47mX[0;33;5;40;100m [0;31;5;40;100m888[0;1;30;90;41m88[0;31;5;40;100m88@[0;1;37;97;47mt;.t[0;37;5;47;107m@[0;1;37;97;47m8 [0;37;5;47;107m8@[0;1;30;90;47m8[0;1;30;90;43m8[0;1;37;97;47m [0;1;30;90;47m@@[0;37;5;47;107m8: .   .S8[0;1;30;90;47m@[0;35;5;40;100m [0;1;37;97;47m [0;1;31;91;47mS[0;1;37;97;47m [0;1;35;95;47mX[0;33;47m@[0;35;41m8[0;33;5;40;100mt[0;1;31;91;45m8[0;37;43m8[0;1;30;90;45m8[0;31;5;40;100m8[0;35;5;40;100m;[0;1;30;90;41m8[0;35;5;40;100mX[0;1;30;90;41m8[0;35;41m8[0;31;5;40;100mX[0;35;5;40;100m% .:[0;1;34;94;47m8[0;1;30;90;47m8[0;34;5;40;100mS[0;31;5;40;100m8[0;30;5;40;100m8[0;1;30;90;41m8[0;31;5;40;100m@[0;35;5;40;100m [0;1;30;90;47mS[0;32;40mt[0;31;40m:[0;34;40m [0;32;40m    [0;34;40m                 [0m
[0;34;40m                           [0;32;40m.[0;31;5;40;100mS[0;1;30;90;47m%[0;31;5;40;100m8[0;31;40m8[0;31;5;40;100m8[0;31;40mX[0;30;5;40;100m8[0;1;30;90;41m@[0;1;30;90;40m8[0;31;5;40;100m8[0;1;30;90;40m8[0;35;5;40;100m@[0;1;30;90;47mX[0;1;37;97;47m.:;S[0;37;5;47;107mX%;8[0;35;47m8[0;35;5;40;100mt[0;1;30;90;47m8[0;1;37;97;47m ;[0;1;30;90;47m@[0;1;37;97;47m [0;37;5;47;107mX.::X[0;1;37;97;47m%[0;1;30;90;47m8[0;37;5;40;100m;[0;1;30;90;47m8[0;1;37;97;47m [0;1;35;95;47mS[0;1;37;97;47m [0;1;31;91;47mS[0;1;37;97;47m [0;1;30;90;47mX[0;33;5;40;100m%[0;1;31;91;41m8[0;35;5;40;100m [0;35;5;41;101mX[0;33;5;40;100m8[0;1;30;90;41m%8[0;31;5;40;100mX[0;1;30;90;41m8[0;35;5;40;100mt[0;33;41m8[0;1;30;90;41m8[0;1;30;90;47m8S[0;35;5;40;100m%[0;1;34;94;46m8[0;1;30;90;47m88[0;35;5;40;100m [0;1;30;90;47mS.[0;31;5;40;100m88@[0;1;30;90;47m@[0;35;5;40;100m [0;31;40m:[0;34;40m.[0;32;40m    [0;34;40m                 [0m
[0;34;40m                          [0;31;40m [0;32;40m :[0;36;5;40;100m%[0;33;5;40;100m [0;37;5;40;100m8X[0;1;30;90;47mSt[0;31;5;40;100mS[0;30;5;40;100m8[0;1;30;90;41m888[0;35;5;40;100m [0;1;30;90;47m.  [0;1;37;97;47m888[0;37;5;47;107m%8[0;1;37;97;47m.[0;33;47m@[0;37;5;47;107m8@;%8@S8[0;1;37;97;47mXt%[0;37;5;47;107m888[0;1;37;97;47m :    [0;1;30;90;45m8[0;1;30;90;43m8[0;35;5;41;101mS[0;35;5;40;100m [0;1;30;90;41m@[0;31;5;40;100m8888[0;1;30;90;41m8[0;37;5;40;100m@X[0;35;5;40;100m.[0;1;30;90;47m@%X[0;35;5;40;100mS[0;37;5;40;100m:[0;1;30;90;47m8[0;35;5;40;100m [0;37;5;47;107mX[0;1;30;90;47m@[0;1;30;90;41m@[0;31;45m8[0;33;5;40;100mX[0;1;30;90;47mt[0;31;5;40;100mX[0;34;40m [0;32;40m    [0;34;40m                 [0m
[0;34;40m                         [0;31;40m [0;34;40m   [0;31;40m.[0;32;40m.;[0;35;5;40;100m [0;1;30;90;47mS[0;33;5;40;100mt[0;1;30;90;41m@[0;30;5;40;100m8[0;1;30;90;41m8[0;1;30;90;40m8[0;31;5;40;100m88[0;35;5;40;100m8;[0;1;30;90;47m [0;1;37;97;47m%XtS[0;37;5;47;107m8@[0;1;37;97;47m [0;37;5;47;107m8;tttt%%;t%X@@S@888[0;1;37;97;47m [0;31;5;41;101mS[0;35;5;40;100m.[0;1;31;91;45m8[0;33;5;40;100m8[0;31;5;40;100m8[0;35;5;40;100m8[0;1;30;90;41m8[0;35;5;40;100mt[0;37;5;40;100mX@[0;35;5;40;100m%[0;30;5;40;100m@[0;35;5;40;100mS[0;34;40mXt[0;30;5;40;100m8[0;35;5;40;100m [0;1;30;90;47m8[0;37;5;40;100mS[0;1;30;90;47m@[0;37;5;40;100m@[0;1;30;90;47m8[0;37;5;40;100mS[0;1;31;91;43m8[0;1;31;91;45m8[0;33;5;40;100mt[0;1;30;90;47m%[0;30;5;40;100m8[0;34;40m                     [0m
[0;34;40m                             [0;31;40m [0;1;30;90;40m8[0;1;30;90;47mS8[0;1;30;90;41m@[0;1;30;90;40m8[0;31;5;40;100m8[0;31;40m8[0;31;5;40;100mX8[0;1;30;90;40m8[0;1;30;90;41m@[0;31;40m@[0;1;30;90;47m8[0;1;37;97;47mX[0;1;30;90;47m  [0;1;37;97;47m@[0;1;30;90;47m8[0;1;37;97;47m;[0;37;5;47;107mtS%ttt;;;%@[0;1;37;97;47m;[0;37;5;47;107m@t%SSSX@8[0;33;5;41;101mt[0;1;30;90;47m8[0;33;5;41;101m [0;33;5;40;100m:[0;31;5;40;100m@[0;35;5;40;100m:[0;1;30;90;41m8[0;37;5;40;100m8[0;1;30;90;47mS[0;31;5;40;100m8[0;32;40m   .[0;31;40m:.[0;34;40m:%S8[0;30;5;40;100m8[0;34;40m:[0;35;5;40;100m%[0;1;30;90;47mS[0;31;5;40;100m@[0;33;5;41;101mS[0;35;5;40;100m;[0;33;5;40;100m.[0;1;30;90;47mt[0;1;30;90;40mX[0;31;40m.[0;32;40m [0;34;40m                  [0m
[0;34;40m                           [0;31;40m  [0;1;30;90;40mS[0;1;30;90;47m8[0;35;5;40;100m:[0;30;41m8[0;30;5;40;100m@[0;31;5;40;100m@[0;30;5;40;100m8[0;31;5;40;100m8[0;1;30;90;40m8[0;31;5;40;100m8[0;35;5;40;100mS[0;33;5;40;100m [0;1;30;90;47m8[0;35;5;40;100m:[0;31;40mS[0;1;30;90;40m8[0;30;5;40;100m@[0;35;5;40;100m%[0;1;30;90;47mX8[0;37;5;47;107mttt;[0;1;33;93;5;47;107mX[0;37;5;47;107m8[0;37;5;43;103m8[0;1;31;91;47mS[0;1;33;93;47mX[0;1;31;91;47mX[0;33;47m8[0;33;5;41;101m%[0;37;5;47;107mStt[0;1;33;93;5;47;107mX[0;37;5;47;107mS%[0;1;33;93;5;47;107mS[0;37;5;47;107m@8[0;33;5;41;101m.[0;33;47m@[0;37;5;41;101m8[0;31;5;40;100mS[0;1;30;90;47m8[0;31;5;40;100mX[0;1;30;90;47mt[0;33;5;40;100m;[0;31;40m:[0;32;40m.    . [0;31;40m ..:  [0;1;30;90;40m@[0;1;30;90;47m;[0;35;5;40;100m;[0;33;5;41;101m%[0;1;31;91;47m8[0;1;30;90;41m8[0;33;5;40;100m [0;1;30;90;47mS[0;1;30;90;40m8[0;31;40m.[0;32;40m    [0;34;40m              [0m
[0;34;40m                           [0;31;40m [0;34;40m [0;31;40m;[0;37;5;40;100m%@@S[0;35;5;40;100m [0;37;5;40;100mX[0;35;5;40;100m  [0;36;5;40;100m [0;30;5;40;100mX[0;1;30;90;40mX[0;32;40m.[0;31;40m.[0;34;40m:::[0;35;5;40;100m%[0;1;37;97;47m [0;33;5;40;100m%[0;1;37;97;47m;[0;37;5;47;107m;t%[0;1;33;93;47m@[0;35;5;41;101m;[0;1;30;90;47m%[0;1;37;97;47m t.[0;37;5;47;107m88Xtt%t%%8[0;1;33;93;5;41;101m8[0;1;37;97;47m [0;37;5;41;101m8[0;1;30;90;47m8[0;1;30;90;41m8[0;1;30;90;47m88[0;33;5;40;100m:[0;31;40m:[0;34;40m.[0;32;40m         . [0;31;40m  :[0;1;30;90;47m88[0;1;30;90;45m8[0;33;5;41;101m.[0;33;47m8[0;31;5;41;101mX[0;33;5;40;100m:[0;1;30;90;47m@[0;35;5;40;100m [0;31;40m;[0;34;40m.[0;32;40m.[0;34;40m               [0m
[0;34;40m                            .[0;32;40m.[0;31;40m .[0;32;40m.[0;31;40m:[0;34;40m.[0;31;40m.[0;34;40m:[0;31;40m:[0;34;40m.[0;32;40m.[0;31;40m  [0;32;40m [0;34;40m [0;1;30;90;40mX[0;37;5;40;100m@[0;1;30;90;47mt[0;33;5;40;100mS[0;1;30;90;41mS8[0;1;37;97;47mX[0;37;5;47;107m;S%:[0;1;37;97;47m [0;37;5;41;101m8[0;1;37;97;47m [0;37;5;47;107m8[0;1;37;97;47m [0;37;5;47;107m8ttt[0;1;33;93;5;47;107mS[0;37;5;47;107mS;[0;1;33;93;5;47;107m8[0;1;35;95;5;41;101m8[0;1;37;97;47m [0;37;5;41;101m8[0;1;31;91;47mX[0;31;5;41;101m8[0;1;30;90;47mS[0;33;5;40;100mt[0;1;30;90;47mS[0;31;40m8[0;34;40m:[0;32;40m.         [0;31;40m   [0;32;40m [0;31;40m.[0;33;5;40;100m [0;1;30;90;47m8[0;33;5;41;101m8[0;35;47m8[0;31;5;41;101m [0;1;30;90;47m8[0;31;5;41;101m@[0;31;5;40;100mX[0;1;30;90;47mS@[0;1;30;90;40m@[0;34;40m.[0;31;40m    [0;34;40m           [0m
[0;34;40m                           [0;32;40m  [0;34;40m [0;32;40m .[0;34;40m.[0;32;40m   .[0;34;40m [0;32;40m  [0;31;40m [0;32;40m:[0;30;5;40;100mS[0;37;5;40;100mS[0;1;30;90;47m8[0;33;5;40;100m [0;1;30;90;41m88[0;35;5;40;100m [0;1;30;90;47m:[0;33;47m8X[0;37;5;47;107m8X%%@888%t[0;1;33;93;5;47;107mS[0;37;5;47;107mSS@8[0;37;5;41;101m8[0;1;33;93;47m8[0;37;5;41;101m8[0;1;31;91;47mS@[0;33;5;40;100mS[0;31;5;40;100m@[0;37;5;40;100m%[0;1;30;90;47m8[0;31;40m;[0;32;40m.[0;34;40m  [0;32;40m         [0;31;40m  [0;32;40m [0;31;40m [0;31;5;40;100mS[0;1;30;90;47m;[0;31;5;40;100mX[0;33;5;41;101m;[0;1;30;90;47m8[0;31;5;41;101m [0;1;30;90;47m8[0;31;5;41;101m@[0;33;5;40;100m;[0;35;5;40;100m [0;1;30;90;47m8[0;37;5;40;100mX[0;33;5;40;100m ;[0;1;30;90;40mS[0;34;40m:[0;31;40m.[0;32;40m    [0;34;40m      [0m
[0;34;40m                          [0;32;40m   [0;34;40m  [0;31;40m     [0;34;40m  [0;32;40m.[0;1;30;90;40mX[0;35;5;40;100m [0;1;30;90;47m8[0;33;5;40;100m [0;31;5;40;100m8[0;1;30;90;41m@[0;31;5;40;100m8[0;36;5;40;100m.[0;1;30;90;47m8[0;33;5;40;100m;[0;31;40m%[0;31;5;40;100m8[0;35;5;40;100m:[0;1;30;90;47m8[0;1;37;97;47m [0;1;33;93;47m@[0;37;5;47;107m88@X[0;1;33;93;5;47;107mt[0;37;5;47;107mX88[0;1;31;91;47m@[0;1;33;93;47mX[0;35;5;41;101mS[0;37;43m8[0;37;5;41;101m8[0;1;35;95;47m8[0;37;5;41;101m8[0;1;33;93;47m@[0;35;41m@[0;30;5;40;100m8[0;31;5;40;100m8[0;35;5;40;100m [0;1;30;90;47m:[0;35;5;40;100m%[0;32;40mt[0;34;40m.[0;31;40m [0;32;40m             t[0;1;30;90;47m;[0;35;5;40;100m.[0;35;5;41;101mS[0;33;47m8[0;35;5;41;101m:[0;33;47m8[0;35;5;41;101m;[0;1;31;91;47m8[0;31;5;41;101mS[0;35;5;40;100m;[0;1;30;90;41m8[0;35;5;40;100mX[0;33;5;40;100mX[0;35;5;40;100m.[0;1;30;90;47m8[0;37;5;40;100mX[0;33;5;40;100m.[0;1;30;90;40m8[0;34;40m:[0;31;40m.[0;32;40m    [0;34;40m  [0m
[0;34;40m                           [0;32;40m  [0;34;40m  [0;31;40m   :[0;1;30;90;40m8[0;30;5;40;100m@[0;36;5;40;100m.[0;1;30;90;47m8.[0;37;5;40;100m@[0;31;5;40;100m88[0;31;40m@[0;30;5;40;100mS[0;1;30;90;47mS[0;37;5;40;100m8[0;1;30;90;40mS[0;34;40m.  [0;31;40mt8[0;33;5;40;100m;[0;1;30;90;47m%8[0;33;5;41;101m%[0;1;37;97;47m%[0;37;5;47;107m88[0;37;5;41;101m8[0;33;5;41;101mS[0;1;30;90;47m@8[0;30;41mS[0;31;5;40;100mS[0;1;31;91;47m8X[0;37;5;41;101m8[0;1;33;93;47mX[0;35;5;41;101m.[0;35;5;40;100m [0;1;30;90;47m8[0;37;5;40;100m8[0;35;5;40;100mX[0;33;5;40;100m:[0;37;5;40;100m@[0;1;30;90;47m%[0;30;5;40;100m8[0;31;40m   [0;32;40m          [0;34;40m.[0;31;40m;[0;1;30;90;47m@[0;37;5;40;100mS[0;1;31;91;43m8[0;35;5;41;101mt[0;1;30;90;47m8[0;35;5;41;101m [0;1;30;90;47m8[0;35;5;41;101m;[0;1;30;90;47m8[0;31;5;41;101m:[0;35;5;40;100m [0;1;31;91;41m8[0;35;5;40;100mS[0;31;5;40;100m8[0;1;30;90;41m88[0;33;5;40;100m.[0;1;30;90;47m;8[0;1;30;90;40m8[0;32;40m.[0;31;40m    [0;34;40m [0m
[0;34;40m                           [0;32;40m [0;34;40m   [0;31;40m:[0;30;5;40;100mS[0;37;5;40;100mX8[0;33;5;40;100m [0;37;5;40;100m%[0;35;5;40;100m t[0;31;5;40;100m88[0;31;40m8[0;30;5;40;100m8[0;33;5;40;100m [0;1;30;90;47m@[0;31;5;40;100mS[0;32;40m:[0;34;40m.   [0;32;40m:[0;30;5;40;100m@[0;35;5;40;100m.[0;37;5;40;100mS[0;1;37;97;47m [0;37;5;47;107m8[0;1;37;97;47m [0;1;33;93;47mS[0;1;37;97;47m t%;[0;1;30;90;47mX[0;31;5;40;100m8[0;1;30;90;47m8[0;37;5;41;101m8[0;1;33;93;47mX[0;37;5;41;101m8[0;1;35;95;47m@[0;33;5;40;100m%[0;37;5;40;100m8[0;1;30;90;47m;X[0;35;5;40;100mS[0;33;5;40;100mt[0;35;5;40;100mt[0;33;5;40;100m [0;1;30;90;47m@[0;31;40m%[0;32;40m.[0;34;40m [0;32;40m         [0;31;40m [0;34;40m .[0;35;5;40;100m:[0;1;30;90;47mt[0;35;5;40;100m%[0;37;5;41;101m8[0;35;5;41;101mt[0;1;30;90;47m8[0;33;5;41;101m [0;1;30;90;47m8[0;33;5;41;101m [0;1;30;90;47m8[0;31;5;41;101m@[0;35;5;40;100m [0;1;30;90;45m8[0;1;30;90;41m8[0;35;5;40;100mX[0;31;5;40;100m888[0;33;5;40;100m:[0;37;5;40;100m@@[0;1;30;90;40m8[0;31;40m.[0;34;40m   [0m
[0;34;40m                              [0;1;30;90;40m8[0;1;30;90;47m8[0;33;5;40;100m [0;31;5;40;100m8888[0;1;30;90;41mX[0;31;5;40;100m8[0;1;30;90;40m@[0;31;5;40;100m88[0;1;30;90;47m8[0;33;5;40;100m [0;32;40m;[0;34;40m.   ;[0;33;5;40;100m [0;1;30;90;47m@[0;35;5;40;100m [0;31;5;40;100m8[0;1;30;90;40m88[0;1;30;90;41m8[0;31;5;40;100m8X[0;35;5;40;100mX[0;33;5;40;100mX[0;35;5;40;100m;[0;37;5;40;100mS[0;31;5;40;100mX[0;33;5;41;101mS[0;1;30;90;47m8[0;1;31;91;47m@[0;37;5;41;101m8[0;1;31;91;47mX[0;33;5;41;101mt[0;37;5;40;100m8[0;1;30;90;47m [0;35;5;40;100m. : [0;37;5;40;100m8[0;35;5;40;100mt[0;1;30;90;47m@[0;33;5;40;100m [0;32;40m.[0;34;40m.[0;31;40m   [0;32;40m     [0;31;40m [0;34;40m [0;31;40m  t[0;1;30;90;47mS[0;35;5;40;100m [0;1;31;91;45m8[0;33;47m8[0;35;5;41;101m [0;1;30;90;47m8[0;33;5;41;101m [0;33;47m@[0;31;5;41;101m8[0;35;5;40;100m:[0;1;31;91;45m8[0;1;30;90;43m8[0;1;30;90;45m8[0;33;41m8[0;35;5;40;100m8[0;31;5;40;100m8[0;35;5;40;100m8[0;1;30;90;41m8[0;31;5;40;100m8X[0;1;30;90;47mS[0;35;5;40;100m [0;31;40m;[0;34;40m.[0;32;40m.[0m
[0;34;40m                             :[0;1;30;90;47m8[0;33;5;40;100m [0;31;5;40;100m88[0;1;30;90;40m@[0;31;5;40;100m8[0;31;40mX[0;30;5;40;100m8[0;31;40m8[0;31;5;40;100m@[0;1;30;90;40mX[0;1;30;90;47m8[0;37;5;40;100m8[0;31;40m;[0;34;40m:[0;32;40m [0;34;40m  [0;1;30;90;40m@[0;1;30;90;47mS8[0;31;5;40;100m8[0;1;30;90;40m8[0;30;5;40;100m8[0;35;5;40;100m@[0;36;5;40;100m%[0;35;5;40;100mSt[0;31;5;40;100mXX[0;35;5;40;100m [0;1;30;90;47m [0;35;5;40;100mS[0;33;5;40;100mt[0;37;5;41;101m8[0;35;5;41;101m%[0;1;33;93;47mS[0;35;5;41;101m [0;1;30;90;47m8[0;31;5;40;100m@[0;1;30;90;47m@[0;35;5;40;100m%.;t;. [0;37;5;40;100mt[0;1;30;90;47m@[0;31;40m;[0;32;40m.[0;34;40m [0;31;40m   [0;32;40m  [0;34;40m   [0;31;40m  [0;32;40m .[0;35;5;40;100m.[0;1;37;97;47m [0;33;41m8[0;35;5;41;101mt[0;1;30;90;47m8[0;33;5;41;101m [0;1;30;90;47m8[0;35;5;41;101m [0;35;5;40;100m.[0;1;30;90;41m8[0;33;5;40;100m;[0;35;41m8[0;33;5;40;100mS[0;31;45m8[0;33;5;40;100mX[0;35;41m8[0;33;5;40;100m@[0;31;45m8[0;33;5;40;100m%[0;35;41m8[0;33;5;40;100mX[0;1;30;90;47m@[0;37;5;40;100m8[0;34;40m:[0;31;40m.[0m
[0;34;40m                            [0;32;40m ;[0;1;30;90;47m%[0;33;5;40;100m%[0;30;41m8[0;31;5;40;100m@8[0;1;30;90;40m@[0;37;5;40;100mX[0;1;37;97;47m;[0;37;5;40;100mX[0;31;5;40;100m8[0;31;40m8[0;1;30;90;47m:[0;33;5;40;100m;[0;34;40m.[0;1;30;90;40m8[0;33;5;40;100m.[0;36;5;40;100m [0;37;5;40;100m8[0;1;30;90;47mX[0;37;5;40;100mX[0;33;5;40;100m.[0;37;5;40;100mX[0;35;5;40;100m [0;37;5;40;100mX[0;33;5;40;100m [0;1;30;90;47m88XSS;[0;35;5;40;100m [0;1;30;90;45m8[0;33;5;41;101m.[0;1;30;90;47m8[0;1;30;90;41m8[0;1;31;91;45m8[0;1;30;90;47m8[0;1;31;91;41m@[0;31;5;40;100m8[0;35;5;40;100mtt8[0;1;30;90;40m8[0;30;5;40;100m8[0;31;5;40;100m8[0;30;5;40;100m8[0;31;5;40;100m8[0;33;5;40;100m:[0;1;30;90;47mt[0;31;40mt[0;34;40m:[0;32;40m.[0;31;40m   [0;34;40m     [0;31;40m [0;32;40m [0;34;40m [0;31;40m.%[0;1;30;90;47m%8[0;35;5;40;100m%[0;33;5;41;101m [0;1;30;90;47m8[0;33;5;41;101m [0;1;30;90;47m8[0;1;31;91;41m@[0;35;5;40;100mt[0;1;31;91;41m8[0;35;5;40;100m.[0;35;41m8[0;33;5;40;100m%[0;35;41m8[0;33;5;40;100mt[0;35;41m@[0;33;5;40;100mS[0;31;45m8[0;33;5;40;100mS[0;35;41m8[0;31;5;40;100m@[0;1;30;90;47m@[0;33;5;40;100m.[0;32;40m [0m
[0;34;40m                           [0;32;40m [0;31;40m.:[0;37;5;40;100m@@[0;31;5;40;100m8[0;1;30;90;40m8[0;1;30;90;41m8[0;31;5;40;100m8[0;1;30;90;47mt[0;30;5;40;100m8@[0;36;5;40;100m [0;37;5;40;100m8X[0;30;5;40;100m8[0;36;5;40;100m:[0;1;30;90;47mX[0;37;5;40;100mS[0;1;30;90;47mt.[0;1;37;97;47m.t;[0;1;30;90;47m888[0;1;37;97;47mt@:[0;1;30;90;47m:8%%[0;1;30;90;45m8[0;1;31;91;43m8[0;35;5;40;100mt[0;1;30;90;41m8[0;33;5;40;100m%[0;1;30;90;41m88[0;33;5;40;100mS[0;35;5;40;100m%[0;33;5;40;100m.;[0;30;5;40;100m8888888[0;1;30;90;47m8[0;33;5;40;100m [0;32;40m;[0;31;40m.[0;34;40m.[0;31;40m   [0;32;40m [0;34;40m   [0;32;40m [0;34;40m  .[0;32;40m.[0;1;30;90;40m8[0;1;30;90;47mX[0;33;5;40;100m:[0;1;30;90;43m8[0;35;5;41;101m [0;1;30;90;47m8[0;31;5;41;101m;[0;33;5;40;100mS[0;31;5;40;100m8[0;35;5;40;100m%[0;31;5;40;100mS[0;35;5;40;100m%[0;35;41m8[0;33;5;40;100m%[0;31;45m8[0;31;5;40;100m8[0;33;5;40;100mS[0;35;5;40;100mt[0;1;30;90;41m8[0;31;5;40;100mX8[0;33;5;40;100m%[0;1;30;90;47mX[0;31;40mt[0m
[0;34;40m                             .[0;1;30;90;40m8[0;1;30;90;47mt[0;31;5;40;100mX[0;31;40m8[0;30;5;40;100mX[0;31;5;40;100m8[0;1;30;90;47mS[0;1;30;90;40m@[0;32;40m..;[0;30;5;40;100mS[0;37;5;40;100m8[0;1;30;90;47m:[0;37;5;40;100mX[0;1;30;90;47m8[0;1;37;97;47mttt;[0;1;30;90;47m8[0;31;5;40;100mS[0;35;5;40;100m  t[0;31;5;40;100mS[0;34;5;40;100mX[0;30;5;40;100m@[0;1;30;90;40m8[0;35;5;40;100m8[0;35;41m8[0;33;5;40;100m%[0;1;31;91;45m8[0;33;5;40;100mS[0;1;30;90;47m8[0;35;5;40;100m.[0;31;5;40;100m@[0;33;5;40;100m:[0;35;5;40;100m: .S[0;30;5;40;100mX@8[0;34;5;40;100m8[0;30;5;40;100m8X8[0;31;5;40;100m8[0;1;30;90;47m%[0;1;30;90;40m8[0;34;40m.[0;31;40m    [0;32;40m [0;34;40m     [0;32;40m  [0;34;40m [0;31;40m.[0;31;5;40;100m@[0;1;37;97;47m [0;35;5;40;100m8[0;1;30;90;43m8[0;35;5;41;101m.[0;35;5;40;100m:[0;1;30;90;41m8[0;35;5;40;100m8[0;1;30;90;41m88[0;33;5;40;100m%[0;35;41m8[0;33;5;40;100m%[0;31;5;40;100mS[0;1;30;90;41m8[0;1;30;90;47m@[0;1;37;97;47m@[0;1;30;90;47m;[0;33;5;40;100m;[0;1;30;90;41m@[0;31;5;40;100m8[0;1;30;90;47m;[0;1;30;90;40m8[0m
[0;34;40m                             [0;31;40m .[0;30;5;40;100mX[0;1;30;90;47mX[0;35;5;40;100m [0;31;5;40;100mX[0;1;30;90;40m@[0;1;30;90;47mX[0;33;5;40;100m:[0;34;40m [0;30;5;40;100mX[0;1;30;90;47m8[0;37;5;40;100mSS@[0;1;30;90;47m@t[0;1;37;97;47m;t.[0;37;5;40;100mS[0;33;5;40;100m.[0;1;30;90;47m8X[0;1;37;97;47m .;[0;33;5;40;100m [0;31;5;40;100m8[0;1;30;90;41m8[0;31;5;40;100mX[0;31;5;41;101m8[0;35;5;40;100m.[0;37;5;40;100mt[0;1;30;90;47m8[0;33;5;40;100mS[0;35;5;40;100mS[0;33;5;40;100m.[0;35;5;40;100m   :[0;30;5;40;100m8@@@8@X88[0;1;30;90;47m%[0;1;30;90;40mX[0;31;40m      [0;34;40m    [0;32;40m   [0;31;40m [0;34;40m .[0;33;5;40;100mt[0;1;30;90;47m@[0;35;5;40;100mt[0;31;5;40;100mX[0;1;30;90;41m8[0;31;5;40;100m8@[0;35;5;40;100mX[0;35;41m8[0;33;5;40;100mt[0;31;45m8[0;1;30;90;43m8[0;31;45m8[0;31;5;40;100m@[0;1;30;90;47m8[0;33;5;40;100m [0;31;5;40;100m@[0;1;30;90;47mt[0;35;5;40;100m.[0;33;5;40;100mt[0;1;30;90;47mS[0;31;40mS[0m
[0;34;40m                             [0;31;40m [0;34;40m  :[0;30;5;40;100mX[0;33;5;40;100m [0;37;5;40;100mXS[0;1;30;90;40m@[0;31;40m [0;1;30;90;40m@[0;35;5;40;100m [0;1;30;90;47m8[0;1;37;97;47m S[0;1;30;90;47m%[0;33;5;40;100m;[0;1;30;90;47m:[0;1;37;97;47m.[0;1;30;90;47m8%[0;1;37;97;47m;[0;37;5;47;107m88S%S[0;33;5;40;100m [0;1;30;90;41m8[0;1;30;90;45m8[0;1;31;91;43m8[0;35;5;40;100m;[0;1;30;90;47m88[0;35;5;40;100mS[0;33;5;40;100m;[0;35;5;40;100m  [0;37;5;40;100m@[0;35;5;40;100m.%[0;30;5;40;100m8@@@@X@@[0;1;30;90;40m8[0;37;5;40;100mS%[0;31;40m:[0;34;40m  [0;31;40m   [0;34;40m     [0;32;40m  [0;34;40m   .[0;35;5;40;100m%[0;1;30;90;47m%[0;33;5;40;100m;[0;1;30;90;41m8[0;35;5;40;100m8[0;31;5;40;100m8[0;1;30;90;41m8[0;33;5;40;100m%[0;31;45m8[0;1;30;90;43m8[0;31;45m8[0;35;5;40;100m%[0;33;41m8[0;35;5;40;100m8[0;33;5;40;100mS[0;1;30;90;47mS[0;31;40m%[0;30;5;40;100m8[0;35;5;40;100m [0;37;5;40;100mS[0;31;5;40;100m8[0;34;40m:[0m
[0;34;40m                     [0;1;30;90;40m8[0;35;5;40;100m [0;33;5;40;100mt[0;34;40mt[0;31;40m:[0;32;40m.[0;34;40m    [0;32;40m .[0;31;40m.[0;32;40m.[0;31;40m:..[0;1;30;90;40mX[0;35;5;40;100m:[0;1;30;90;47m@;8[0;33;5;40;100mt[0;35;5;40;100m;;[0;1;30;90;47mS88@888[0;33;47m@[0;1;30;90;47m8[0;33;5;40;100m.[0;1;30;90;47m8[0;33;5;40;100mXt[0;1;30;90;45m8[0;33;5;40;100mX[0;1;30;90;47m8[0;33;5;40;100m:%[0;35;5;40;100m;  ;[0;31;5;40;100mS[0;30;5;40;100m8@8@[0;34;5;40;100m@[0;30;5;40;100m8@@@[0;35;5;40;100m%[0;1;30;90;47mt[0;1;30;90;40m@[0;31;40m.[0;34;40m              ;[0;37;5;40;100m@[0;1;30;90;47m;[0;31;5;40;100m@[0;1;30;90;41m8[0;35;5;40;100m8[0;1;30;90;41m8[0;35;5;40;100mS[0;35;41m8[0;33;5;40;100m%[0;31;45m8[0;33;5;40;100m%[0;35;41m8[0;33;5;40;100mt[0;31;45m8[0;31;5;40;100m@@[0;1;30;90;47m;[0;1;30;90;40m8[0;31;40m:;[0;34;40m. [0;32;40m [0m
[0;34;40m                    [0;1;30;90;40mX[0;1;30;90;47m%[0;37;5;40;100m@[0;1;30;90;47m8X8[0;37;5;40;100mS[0;33;5;40;100m [0;31;5;40;100m%[0;1;30;90;40m8XS8[0;30;5;40;100mS[0;36;5;40;100m.[0;33;5;40;100m [0;37;5;40;100mS8[0;1;30;90;47m8[0;37;5;40;100mX[0;33;5;40;100m:[0;31;5;40;100mS[0;33;5;40;100mt[0;35;5;40;100m: [0;33;5;40;100m:;[0;35;5;40;100m [0;37;5;40;100m%[0;1;30;90;47m88888888@8X[0;37;5;40;100mt[0;1;30;90;41m8@[0;30;5;40;100m@[0;35;5;40;100m@[0;31;5;40;100m@[0;30;5;40;100mXX88@[0;34;5;40;100m@[0;30;5;40;100m888X8[0;31;5;40;100m8[0;1;30;90;47m8[0;33;5;40;100mt[0;34;40m            [0;32;40m .[0;1;30;90;40m8[0;33;5;40;100m [0;1;30;90;47mt[0;33;5;40;100m [0;31;5;40;100m8@@@X[0;1;30;90;41m8[0;35;5;40;100mt[0;1;31;91;41m8[0;33;5;40;100m.[0;31;45m8[0;1;30;90;43m8[0;31;45m8[0;33;5;40;100mS[0;35;41m8[0;33;5;40;100mX[0;1;30;90;47m%[0;1;30;90;40m8[0;31;40m.[0;34;40m.[0;32;40m   [0m
[0;34;40m                    [0;31;40m.[0;33;5;40;100m [0;1;30;90;47m%88@X888X8S[0;1;37;97;47m.[0;1;30;90;47m;[0;33;5;40;100m  [0;35;5;40;100m [0;31;5;40;100mXS[0;35;5;40;100m.   S[0;33;5;40;100mt[0;35;5;40;100m;.t[0;31;5;40;100m@X88[0;1;30;90;41m8[0;30;41m8[0;31;5;40;100m888@[0;1;30;90;47m8[0;33;5;40;100m;[0;31;40mX[0;30;5;40;100m888@8@[0;34;5;40;100m8[0;30;5;40;100m@88@@X[0;1;30;90;40m8[0;31;5;40;100mS[0;1;30;90;47m@[0;30;5;40;100mX[0;34;40m            [0;1;30;90;40mS[0;35;5;40;100m;[0;37;5;40;100m@[0;1;30;90;47m@[0;33;5;40;100mS[0;1;30;90;41m8[0;35;5;40;100mS[0;1;30;90;41m8[0;35;5;40;100mX[0;1;30;90;41m8[0;35;5;40;100mX[0;1;30;90;41m8[0;35;5;40;100m%[0;1;30;90;41m8[0;35;5;40;100m:[0;1;30;90;41m8[0;35;5;40;100m;[0;31;45m8[0;1;30;90;43m8[0;31;45m8[0;33;5;40;100m%[0;35;5;40;100m8[0;1;30;90;47mS[0;31;40mS[0;32;40m.[0;34;40m  [0;32;40m  [0m
[0;34;40m                    [0;32;40m.[0;31;40m;[0;33;5;40;100m;[0;1;30;90;47m%8[0;33;47m8[0;35;47m@[0;1;30;90;47m888[0;1;37;97;47mt[0;37;5;47;107m8[0;1;37;97;47mt@@S[0;33;5;40;100m;[0;31;5;40;100m@[0;30;5;40;100mX[0;36;5;40;100mt[0;35;5;40;100m%[0;33;5;40;100m;[0;35;5;40;100mS[0;31;5;40;100mX[0;33;5;40;100m%[0;35;5;40;100mX[0;33;5;40;100m%[0;31;5;40;100mS@[0;30;5;40;100m@@[0;35;5;40;100mX[0;30;5;40;100m@88[0;1;30;90;40m8888[0;31;5;40;100mS8[0;1;30;90;40m8[0;30;5;40;100m8@8[0;34;5;40;100m8[0;30;5;40;100m8@8@@@X@88[0;1;30;90;47mS[0;35;5;40;100mt[0;32;40m [0;34;40m         .[0;30;5;40;100m8[0;37;5;40;100m%[0;1;30;90;47mt[0;33;5;40;100m [0;31;5;40;100m8[0;1;30;90;41m8[0;1;30;90;45m8[0;33;5;41;101m@[0;1;30;90;45m8[0;1;31;91;43m8[0;1;30;90;45m8[0;31;43m8[0;1;30;90;45m8[0;33;41m8[0;1;30;90;45m8[0;31;43m8[0;1;30;90;45m8[0;1;30;90;41m8[0;33;5;40;100mt[0;31;45m8[0;33;5;40;100m%[0;31;45m8[0;1;30;90;41m8[0;33;5;40;100m%[0;1;30;90;47mX[0;31;40m%[0;34;40m:[0;32;40m.[0;34;40m   [0m
[0;34;40m                    . [0;31;40m:8[0;1;30;90;47m8[0;1;37;97;47m [0;33;5;40;100m.[0;1;30;90;47m8[0;1;37;97;47m t[0;37;5;47;107m@t;S[0;1;37;97;47mX[0;33;47mS[0;33;5;40;100mS[0;31;5;40;100m8[0;30;5;40;100m@[0;35;5;40;100mS[0;30;5;40;100mS[0;31;5;40;100mS[0;30;5;40;100m8@8[0;31;5;40;100m@[0;30;5;40;100m8[0;1;30;90;40m8[0;34;5;40;100m%[0;33;5;40;100m [0;1;37;97;47m;S[0;1;30;90;47mt@88[0;37;5;40;100mX[0;35;5;40;100m:[0;31;5;40;100m8[0;1;30;90;40m@X[0;30;5;40;100m8@[0;34;5;40;100m8[0;30;5;40;100m@@@@@@X@X@8[0;1;30;90;47m8[0;33;5;40;100m:[0;32;40m   [0;34;40m     .[0;1;30;90;40m8[0;33;5;40;100m [0;1;30;90;47m8[0;37;5;40;100m%[0;33;5;40;100m.[0;31;5;40;100mX@S[0;35;5;41;101m@[0;1;30;90;43m8[0;1;30;90;45m8[0;33;5;41;101mX[0;35;5;40;100mt[0;35;5;41;101m8[0;33;5;40;100m.[0;35;5;41;101m@[0;33;5;40;100m.[0;35;5;41;101m8[0;35;5;40;100m;[0;1;30;90;41m8[0;1;30;90;45m8[0;33;5;41;101m8[0;35;5;40;100m%[0;35;41m8[0;1;30;90;43m8[0;1;30;90;41m8[0;1;30;90;47m8[0;37;5;40;100m%[0;31;40m:[0;32;40m.[0;34;40m    [0m
[0;34;40m                   [0;31;40m   [0;34;40m.[0;32;40mt[0;1;30;90;47mX8[0;1;37;97;47m [0;37;5;47;107m888X%8[0;33;47m@[0;1;30;90;47m8[0;35;5;40;100m S[0;1;30;90;41m8[0;1;30;90;40m8[0;33;5;40;100mt[0;30;5;40;100m8@[0;35;5;40;100m [0;1;30;90;47m8[0;35;5;40;100m;[0;36;5;40;100m:[0;31;5;40;100mS[0;1;30;90;47m [0;37;5;47;107m%t[0;1;37;97;47m% [0;1;30;90;47mX[0;1;37;97;47m  [0;1;30;90;47mSX8[0;35;5;40;100mt[0;31;40m8[0;32;5;40;100mS[0;30;5;40;100m@@88@@@X@@@@[0;31;5;40;100m8[0;1;30;90;47m8[0;35;5;40;100mt[0;31;40m [0;32;40m    [0;34;40m [0;1;30;90;40mS[0;36;5;40;100m;[0;33;5;40;100m [0;1;30;90;47m8[0;37;5;40;100mS[0;33;5;40;100m;[0;35;5;40;100mS[0;33;5;41;101mX[0;35;47m8[0;31;5;41;101m8[0;35;5;40;100m.[0;35;5;41;101mS[0;33;5;40;100m [0;35;5;41;101m%[0;33;5;40;100m [0;1;31;91;45m8[0;1;30;90;43m8[0;1;31;91;45m8[0;1;30;90;43m8[0;1;31;91;45m8[0;1;30;90;43m8[0;1;30;90;45m8[0;33;5;41;101m@[0;35;5;40;100m:[0;35;5;41;101m8[0;33;5;40;100m.[0;31;5;41;101m8[0;37;5;40;100m;[0;35;41m8[0;33;5;40;100m.[0;1;30;90;47mX[0;31;40m8[0;32;40m:[0;34;40m.    [0m
[0;34;40m                   [0;31;40m  [0;32;40m [0;31;40m.[0;35;5;40;100m;[0;1;30;90;47m:[0;33;5;40;100m:[0;1;37;97;47mt;;[0;1;33;93;47mSS[0;1;30;90;47m8[0;33;41m8[0;35;5;40;100m;[0;33;5;40;100m.[0;35;5;40;100m [0;33;5;40;100m  [0;1;30;90;47m88[0;35;5;40;100m% [0;1;37;97;47m [0;35;5;40;100m..X[0;1;37;97;47m;[0;37;5;47;107m.@[0;1;37;97;47m [0;1;30;90;47mX[0;1;37;97;47m  [0;1;35;95;47mS[0;1;30;90;47m8[0;1;37;97;47m [0;1;35;95;47mS[0;1;30;90;43m8[0;35;5;40;100m@[0;30;5;40;100m@@@@@@@X@@@@@[0;1;30;90;40m8[0;1;30;90;47mX[0;35;5;40;100m.[0;32;40m.[0;31;40m [0;32;40m    [0;30;5;40;100mX[0;1;30;90;47m%[0;37;5;40;100m@[0;31;5;40;100m@[0;33;5;40;100mX[0;1;31;91;45m8[0;33;47m8[0;37;5;41;101m8[0;1;30;90;47m8[0;37;5;41;101m8[0;1;30;90;47m8[0;35;5;41;101mt[0;1;30;90;47m8[0;33;5;41;101m8[0;35;5;40;100m [0;35;5;41;101m%[0;37;5;40;100m%[0;35;5;41;101m@[0;33;5;40;100m [0;35;5;41;101mS[0;33;5;40;100m [0;35;5;41;101m@[0;33;5;40;100m;[0;1;31;91;45m8[0;1;30;90;43m8[0;1;30;90;45m8[0;1;31;91;43m8[0;35;5;40;100m:[0;35;5;41;101m@[0;33;5;40;100m8[0;1;30;90;47mt[0;35;5;40;100mt[0;32;40m:[0;34;40m.[0;32;40m [0;34;40m    [0m
[0;34;40m                  [0;31;40m [0;32;40m   [0;30;5;40;100m8[0;1;30;90;47mS[0;37;5;40;100m@[0;33;47m%[0;1;37;97;47m:[0;37;5;47;107m8[0;1;33;93;47mX[0;1;30;90;45m8[0;33;5;40;100mS[0;35;5;40;100mS [0;37;5;40;100m%[0;35;5;40;100m [0;37;5;40;100mS[0;35;5;40;100m .[0;1;30;90;47m%[0;35;5;40;100m  [0;37;5;40;100mX[0;1;30;90;47mX[0;35;5;40;100m. [0;33;5;40;100m.[0;1;37;97;47m88   [0;1;31;91;47mS[0;1;37;97;47m [0;1;33;93;47m%[0;1;35;95;47mS[0;1;33;93;47m%[0;35;47m@[0;31;5;40;100m88[0;30;5;40;100m88@@X@@@@@[0;34;5;40;100m@[0;30;5;40;100m8[0;35;5;40;100mS[0;37;5;40;100m8[0;33;5;40;100m [0;31;40m;[0;32;40m.[0;31;40m [0;32;40m    [0;33;5;40;100m [0;1;30;90;47m8[0;33;5;40;100mX[0;35;5;40;100m@[0;1;30;90;43m8[0;37;45m8[0;33;5;41;101mS[0;35;47m8[0;35;5;41;101m@[0;1;30;90;47m8[0;33;5;41;101mX[0;1;30;90;47m8[0;1;30;90;45m8[0;1;30;90;47m8[0;35;5;41;101mS[0;33;5;40;100m.[0;1;30;90;43m8[0;31;5;40;100m8X[0;33;5;40;100m%[0;1;30;90;45m8[0;1;31;91;43m8[0;1;30;90;45m8[0;1;31;91;43m8[0;1;30;90;45m8[0;33;5;41;101m%[0;1;30;90;45m8[0;1;30;90;43m8[0;31;5;40;100m8[0;1;30;90;47m8[0;35;5;40;100m [0;31;40m%[0;32;40m.[0;34;40m      [0m
[0;34;40m                   [0;32;40m  [0;34;40m [0;31;40m:[0;33;5;40;100m.[0;1;30;90;47m8S[0;1;30;90;43m8[0;1;30;90;41m@[0;31;5;40;100m8[0;35;5;40;100m%[0;31;5;40;100m@[0;35;5;40;100m%[0;33;5;40;100m%[0;35;5;40;100mS;;; [0;1;37;97;47m [0;35;5;40;100m   [0;1;37;97;47m [0;35;5;40;100m;;[0;30;5;40;100mS[0;33;5;40;100m:[0;1;30;90;47mX[0;1;37;97;47m [0;35;47mX[0;33;47mS[0;35;47m8[0;35;5;40;100m [0;37;45m8[0;1;30;90;43m8[0;1;30;90;45m8[0;31;5;40;100m8[0;30;5;40;100mX88[0;34;5;40;100m@[0;30;5;40;100m8@@@@[0;34;5;40;100m@[0;30;5;40;100m888[0;1;30;90;47m8[0;37;5;40;100mX[0;1;30;90;40m@[0;31;40m:[0;32;40m.[0;34;40m  [0;32;40m    [0;31;40m.[0;1;30;90;40m@[0;35;5;40;100mS[0;33;5;40;100m;[0;35;5;40;100m [0;1;30;90;47m8[0;37;5;40;100mX88X[0;1;30;90;47m8[0;37;5;40;100m%[0;1;30;90;47m88[0;1;37;97;47m.[0;1;30;90;47m8[0;35;5;40;100m@[0;1;30;90;41mX8[0;35;5;41;101m8[0;1;30;90;43m8[0;1;31;91;45m8[0;1;30;90;43m8[0;1;31;91;45m8[0;1;30;90;47m8[0;1;30;90;41m8[0;35;5;40;100m%;[0;1;30;90;47m8[0;35;5;40;100mt[0;31;40mt[0;32;40m.[0;34;40m.[0;31;40m  [0;34;40m    [0m
[0;34;40m                   [0;32;40m [0;34;40m  [0;32;40m.[0;31;40m.X[0;1;37;97;47m [0;35;5;40;100mt[0;31;5;40;100m8[0;30;5;40;100m8@@@[0;31;5;40;100m@[0;30;5;40;100m@[0;31;5;40;100m@[0;30;5;40;100m@[0;31;5;40;100mX[0;35;5;40;100mX[0;36;47m8[0;1;30;90;45m8[0;34;5;40;100mX@[0;1;30;90;47m8[0;34;5;40;100mS[0;1;30;90;44m8[0;1;30;90;40m@[0;1;30;90;41m@[0;31;5;40;100m@[0;33;5;40;100m.[0;1;30;90;41m88X[0;31;40m8[0;31;5;40;100m8[0;30;5;40;100m8[0;31;5;40;100m8[0;30;5;40;100m8@@@8@X@[0;34;5;40;100m@[0;30;5;40;100m888[0;31;40m8[0;1;30;90;47m8[0;37;5;40;100m@[0;31;40m;[0;32;40m. [0;34;40m   [0;32;40m    [0;31;40m   tt;::;%%@[0;31;5;40;100mS[0;1;30;90;47mt@[0;1;30;90;41m@8[0;35;5;40;100mt[0;33;5;41;101m@[0;35;5;40;100m:[0;35;5;41;101m@[0;33;5;40;100m [0;35;5;41;101m8[0;33;5;40;100m@[0;1;30;90;41m8[0;33;5;40;100m [0;1;37;97;47m [0;1;30;90;47m8[0;30;41m8[0;32;40m:.[0;31;40m     [0;34;40m   [0m
[0;34;40m                        [0;1;30;90;40m8[0;1;30;90;47mt[0;31;5;40;100m@[0;30;5;40;100m8@@X888@88[0;34;5;40;100m8[0;36;5;40;100mt.[0;34;5;40;100mS88[0;35;5;40;100mS[0;30;5;40;100m8[0;1;30;90;40m@X[0;31;40m@[0;31;5;40;100m8[0;1;30;90;40mX@8[0;30;5;40;100m@888@@8@@@@@8888[0;37;5;40;100m88[0;31;40m%[0;32;40m:[0;34;40m [0;31;40m [0;34;40m   [0;32;40m    [0;31;40m       [0;32;40m ...[0;1;30;90;40m8[0;1;30;90;47mS[0;33;5;40;100m:[0;31;5;40;100m8[0;33;5;40;100mS[0;35;5;40;100m%[0;1;30;90;43m8[0;1;30;90;45m8[0;37;5;40;100mSX[0;1;30;90;47m88[0;37;5;40;100mtS[0;33;5;40;100m.[0;1;30;90;41m8[0;31;40mt[0;32;40m:[0;31;40m.[0;34;40m  [0;31;40m    [0;34;40m   [0m
[0;34;40m                        [0;31;40m;[0;1;30;90;47m%[0;33;5;40;100m.[0;30;5;40;100m88@@[0;34;5;40;100m8[0;30;5;40;100m8@@[0;34;5;40;100m@[0;30;5;40;100m88[0;34;5;40;100m8[0;35;5;40;100mX[0;34;5;40;100m@[0;31;40mS[0;1;30;90;40m@X@@@8[0;34;40mX[0;1;30;90;40m88[0;30;5;40;100m8[0;34;5;40;100m8[0;30;5;40;100m88@8[0;34;5;40;100m@[0;30;5;40;100m8X@@@@X@8[0;37;5;40;100mS@[0;31;40mt[0;32;40m:[0;34;40m.[0;31;40m  [0;34;40m    [0;32;40m   [0;31;40m         [0;34;40m  [0;32;40m.[0;30;5;40;100m8[0;33;5;40;100m:[0;35;5;40;100m;[0;33;5;40;100m%[0;35;5;40;100m@[0;33;5;40;100m%[0;31;5;40;100mX8[0;31;40m8Sttt;[0;32;40m .[0;34;40m     [0;31;40m [0;34;40m     [0m
[0;34;40m                       .[0;32;40m.[0;36;5;40;100m [0;1;30;90;47mX[0;30;5;40;100m8@@@8@@@8[0;1;30;90;40m@[0;31;40m8[0;1;30;90;40m@[0;30;5;40;100m8[0;34;5;40;100m@[0;1;30;90;40m@@X@@X888[0;34;5;40;100m8[0;30;5;40;100m88@@@@8@@@[0;34;5;40;100m@[0;30;5;40;100m8X@[0;31;40m@[0;35;5;40;100m.[0;1;30;90;47m;[0;31;40mS[0;34;40m;[0;32;40m.[0;34;40m         [0;32;40m [0;31;40m         [0;32;40m [0;34;40m [0;31;40m .  ...[0;34;40m [0;32;40m.::..[0;34;40m [0;32;40m   [0;34;40m           [0m
[0;34;40m                      [0;32;40m  [0;34;40m :[0;33;5;40;100m [0;1;30;90;47m8[0;31;5;40;100m@[0;1;30;90;40m@8[0;30;5;40;100m8[0;31;5;40;100m8[0;36;5;40;100mt[0;35;5;40;100m [0;33;5;40;100m ;[0;31;5;40;100mS[0;1;30;90;40mX[0;30;5;40;100m@[0;34;5;40;100m@[0;31;40m%[0;1;30;90;40m8@X[0;34;40m8[0;30;5;40;100m8[0;1;30;90;40m@8[0;30;5;40;100m888@@@@@X@@@8@@8[0;31;5;40;100m@[0;35;5;40;100m.[0;1;30;90;47m;[0;1;30;90;40mX[0;32;40m.[0;34;40m          [0;32;40m [0;31;40m          [0;34;40m  [0;31;40m       [0;34;40m . .  [0;32;40m   [0;34;40m           [0m
[0;34;40m                     [0;32;40m   [0;31;40m.[0;32;40m:[0;31;40m;[0;1;30;90;40m8[0;36;5;40;100m [0;37;5;40;100mX[0;35;5;40;100m [0;37;5;40;100mX[0;36;5;40;100m.[0;30;5;40;100m@[0;1;30;90;40m88[0;35;5;40;100mX[0;36;5;40;100m:[0;33;5;40;100m [0;37;5;40;100mX[0;1;30;90;47m@[0;33;5;40;100m [0;1;30;90;40m8[0;34;5;40;100m@[0;30;5;40;100m88[0;1;30;90;40m88@@8[0;30;5;40;100m@@@[0;34;5;40;100m@[0;30;5;40;100m8@@@@@X@[0;1;30;90;40m8[0;30;5;40;100m8[0;35;5;40;100m%;[0;37;5;40;100m8[0;1;30;90;47m8[0;1;30;90;40mS[0;32;40m [0;34;40m         [0;32;40m   [0;31;40m         [0;34;40m [0;31;40m       [0;34;40m   [0;32;40m       [0;34;40m          [0m
[0;34;40m                     [0;32;40m   [0;34;40m .[0;32;40m.[0;34;40m..[0;31;40m.:[0;34;40m.[0;31;40m .. [0;32;40m  [0;31;40m.:[0;37;5;40;100m@[0;1;30;90;47m8[0;31;40m8[0;34;5;40;100mX[0;35;5;40;100m@[0;34;5;40;100m@S[0;35;5;40;100m8[0;36;5;40;100mt[0;35;5;40;100mX[0;30;5;40;100m@[0;1;30;90;40m88[0;30;5;40;100m888X@[0;34;5;40;100m@[0;30;5;40;100m88[0;1;30;90;40m88[0;30;5;40;100m8[0;35;5;40;100m% :[0;1;30;90;40m8[0;37;5;40;100mX[0;1;30;90;47m;[0;30;5;40;100mS[0;32;40m.[0;34;40m.[0;31;40m   [0;34;40m    [0;32;40m    [0;31;40m      [0;32;40m [0;31;40m         [0;34;40m    [0;32;40m      [0;34;40m          [0m
[0;34;40m                      [0;32;40m  [0;31;40m    [0;32;40m [0;34;40m   [0;31;40m    [0;32;40m  .[0;1;30;90;40m8[0;1;30;90;47mt[0;31;5;40;100mX[0;1;30;90;40m@[0;32;40m%[0;31;40mS[0;1;30;90;40m8@8[0;35;5;40;100mS[0;36;5;40;100mt[0;35;5;40;100m%;tX[0;30;5;40;100m@[0;31;5;40;100m@[0;30;5;40;100m88[0;31;40m8[0;30;5;40;100m@8[0;31;5;40;100m8[0;35;5;40;100m8;t[0;34;5;40;100m8[0;1;30;90;40mX@[0;31;40m@[0;35;5;40;100m:[0;37;5;40;100m@8[0;30;5;40;100m@[0;31;40m.[0;32;40m   [0;34;40m    [0;32;40m     [0;31;40m   [0;32;40m   [0;31;40m         [0;34;40m    [0;32;40m    [0;34;40m           [0m
[0;34;40m                      [0;32;40m  [0;31;40m    [0;32;40m  [0;34;40m   [0;31;40m   [0;32;40m  .[0;37;5;40;100m8[0;33;5;40;100m [0;1;30;90;40m@@88@@@SXX@@@8[0;30;5;40;100m@S[0;35;5;40;100m@[0;30;5;40;100mS[0;34;5;40;100mX[0;30;5;40;100m@8[0;1;30;90;40m@[0;34;40mX[0;1;30;90;40m@[0;32;40m%[0;1;30;90;40m88[0;35;5;40;100mt..:[0;1;30;90;47m8[0;37;5;40;100m@[0;1;30;90;40m@[0;34;40m [0;32;40m [0;34;40m     [0;32;40m          [0;31;40m          [0;34;40m                  [0m
[0;34;40m                       [0;32;40m [0;31;40m    [0;32;40m  [0;34;40m   [0;31;40m   [0;32;40m [0;31;40m :[0;37;5;40;100m88[0;31;40mX[0;1;30;90;40m8X@@@@@@@@@@@@[0;34;40mS[0;1;30;90;40mX@XXX@8[0;31;40mS[0;1;30;90;40m8[0;31;40mS[0;35;5;40;100m%[0;36;5;40;100m [0;35;5;40;100m  [0;37;5;40;100m@[0;35;5;40;100m:[0;37;5;40;100m@[0;1;30;90;47mt[0;30;5;40;100m8[0;31;40m    [0;34;40m   [0;32;40m          [0;31;40m          [0;34;40m                 [0m
[0;34;40m                        [0;31;40m    [0;32;40m [0;34;40m    [0;31;40m    [0;32;40m .[0;35;5;40;100m:[0;1;30;90;47m%[0;1;30;90;40m8[0;31;40mX[0;1;30;90;40m88X@@@X@@@@@888@@@XX[0;31;40mS[0;1;30;90;40m8[0;34;40m@[0;36;5;40;100m%[0;35;5;40;100m; [0;1;30;90;47m8[0;1;30;90;45m8[0;37;5;40;100m;X[0;35;5;40;100m  [0;1;30;90;47mt[0;30;5;40;100m8[0;31;40m [0;34;40m      [0;32;40m       [0;34;40m  [0;31;40m          [0;34;40m                 [0m
[0;34;40m                          [0;31;40m  [0;32;40m [0;34;40m    [0;31;40m     [0;32;40m [0;33;5;40;100m.[0;1;30;90;47m8[0;31;40mX[0;30;5;40;100m@[0;1;30;90;40mXX@8@@@[0;34;40m@[0;1;30;90;40m8@@[0;34;40mX[0;1;30;90;40m8XXX@@@@X@[0;30;5;40;100m8[0;35;5;40;100mt  .[0;1;30;90;47m8[0;35;5;40;100mS[0;34;5;40;100m@S[0;31;40m@[0;35;5;40;100mX[0;1;30;90;47m@[0;30;5;40;100mS[0;31;40m     [0;34;40m   [0;32;40m    [0;34;40m    [0;31;40m          [0;34;40m                [0m
[0;34;40m                                 [0;31;40m   [0;32;40m   [0;33;5;40;100m [0;1;30;90;47m8[0;1;30;90;40m8@@@8@8@@@8@88@8@@@X@X[0;34;40mS[0;1;30;90;40m8[0;35;5;40;100m; [0;37;5;40;100mS[0;37;45m8[0;36;5;40;100m;[0;1;30;90;44m88[0;31;40m%[0;1;30;90;40m8@X[0;31;5;40;100mX[0;1;30;90;47mS[0;30;5;40;100m8[0;32;40m   [0;34;40m             [0;31;40m          [0;34;40m               [0m
[0;34;40m                                 [0;32;40m     .[0;37;5;40;100mXX[0;31;40mS[0;1;30;90;40m8@X@[0;34;40m@[0;1;30;90;40m8888@[0;34;40mX[0;1;30;90;40m88@@X@X@@@@[0;30;5;40;100m@[0;35;5;40;100m.  [0;37;5;40;100m:[0;35;5;40;100mX[0;34;40m8[0;1;30;90;40m8@@[0;30;5;40;100m8[0;1;30;90;40m88[0;37;5;40;100m8X[0;32;40m.[0;31;40m    [0;34;40m            [0;31;40m       [0;34;40m                 [0m
[0;34;40m                                  [0;32;40m   [0;31;40m .[0;37;5;40;100mXX[0;1;30;90;40m@8@@88@@@[0;34;40mX[0;30;5;40;100m8[0;1;30;90;40m8@@@@@@@[0;34;40m8[0;1;30;90;40m8@[0;34;40m%[0;35;5;40;100m% [0;1;30;90;47m8[0;1;30;90;45m8[0;36;5;40;100mS[0;1;30;90;44mX[0;1;30;90;40m@S88[0;30;5;40;100m88[0;1;30;90;40m@[0;33;5;40;100mt[0;1;30;90;47mS[0;31;40m;[0;34;40m.[0;32;40m    [0;34;40m            [0;31;40m     [0;34;40m                  [0m
[0;34;40m                                    [0;31;40m [0;34;40m .[0;37;5;40;100m@[0;33;5;40;100m [0;1;30;90;40m88@@@@@@88@@@@X@[0;34;40m8[0;30;5;40;100m8[0;1;30;90;40m888X8[0;35;5;40;100m:..[0;36;5;40;100mt[0;1;30;90;44m@[0;31;40mS[0;1;30;90;40m88[0;30;5;40;100m88[0;1;30;90;40m8[0;30;5;40;100m8[0;1;30;90;40m8[0;31;5;40;100mX[0;1;30;90;47mS[0;34;40mt[0;32;40m:[0;31;40m.[0;32;40m   [0;34;40m                                   [0m
[0;34;40m                                     [0;31;40m .[0;1;30;90;47m8[0;33;5;40;100m [0;30;5;40;100m8[0;1;30;90;40m8X@[0;34;40m8[0;30;5;40;100m8[0;1;30;90;40mX@@@@@@@@88@@@@[0;31;40m%[0;30;5;40;100m8[0;35;5;40;100m:[0;1;30;90;47m8[0;1;30;90;45m8[0;34;5;40;100m8[0;1;30;90;40mX8[0;30;5;40;100m8[0;1;30;90;40m8[0;30;5;40;100m8[0;1;30;90;40m8[0;34;5;40;100m8[0;1;30;90;40m88[0;35;5;40;100m%[0;1;30;90;47m%[0;32;40mt[0;31;40m:[0;34;40m                                       [0m
[0;34;40m                                    [0;31;40m [0;32;40m [0;31;40m:[0;1;30;90;47mS[0;33;5;40;100m [0;30;5;40;100m8[0;1;30;90;40m88[0;30;5;40;100m8[0;1;30;90;40m8X@@[0;34;40m8[0;30;5;40;100m8[0;1;30;90;40mX@@[0;34;40m8[0;30;5;40;100m8[0;1;30;90;40m@@@@@X[0;34;40mX[0;34;5;40;100mS[0;37;5;40;100mX[0;1;30;90;47m8[0;34;5;40;100m@[0;1;30;90;40m@@8[0;30;5;40;100m88[0;1;30;90;40m8[0;30;5;40;100m8[0;1;30;90;40m8[0;30;5;40;100m8[0;1;30;90;40m8[0;33;5;40;100mt[0;1;30;90;47mX[0;31;40mt[0;34;40m:[0;32;40m  [0;34;40m                                     [0m
[0;34;40m                                     [0;32;40m [0;30;5;40;100m8[0;1;30;90;47m;[0;31;5;40;100m8[0;30;5;40;100m8@8[0;1;30;90;40m888[0;34;40m8[0;30;5;40;100m8[0;1;30;90;40m8@@@88@@@[0;34;40m8[0;30;5;40;100m8[0;1;30;90;40mX8X[0;35;5;40;100m;[0;1;30;90;47m8[0;34;5;40;100m8[0;1;30;90;40m888[0;30;5;40;100m@[0;1;30;90;40m8[0;30;5;40;100m8[0;1;30;90;40m8[0;30;5;40;100m8[0;1;30;90;40m8[0;30;5;40;100m8[0;1;30;90;40m8[0;35;5;40;100m [0;1;30;90;47m8[0;34;40m:[0;32;40m.[0;31;40m  [0;32;40m [0;34;40m                                    [0m
[0;34;40m                                    [0;32;40m  [0;36;5;40;100m [0;1;30;90;47mX[0;30;5;40;100m8X@@[0;34;5;40;100m8[0;1;30;90;40m8[0;30;5;40;100m8@[0;1;30;90;40m8@@@@@@@[0;34;40m8[0;30;5;40;100m8[0;1;30;90;40m8@@8@[0;35;5;40;100m:;[0;1;30;90;40m8[0;31;40mX[0;30;5;40;100m88[0;1;30;90;40m8[0;30;5;40;100m8[0;30;44m8[0;30;5;40;100mX[0;1;30;90;40m8[0;34;5;40;100m8[0;1;30;90;40m8[0;31;40m8[0;1;30;90;47m%[0;35;5;40;100m [0;31;40m.    [0;34;40m                                    [0m
[0;34;40m                                    [0;32;40m [0;1;30;90;40mX[0;1;30;90;47m%[0;33;5;40;100m;[0;30;5;40;100m8X@@8X88[0;1;30;90;40m8[0;30;5;40;100m8[0;1;30;90;40mX@[0;34;40m8[0;30;5;40;100m8[0;1;30;90;40m@8888@[0;30;5;40;100m8[0;1;30;90;40m88[0;35;5;40;100mS[0;30;5;40;100m8[0;1;30;90;40m8[0;30;5;40;100m8[0;1;30;90;40m8[0;30;5;40;100m88888[0;1;30;90;40m88[0;30;5;40;100m88[0;1;30;90;47m%[0;31;5;40;100mS[0;34;40m                                         [0m
[0;34;40m                                    [0;32;40m.[0;37;5;40;100mS8[0;30;5;40;100m@SXX@@@@[0;34;5;40;100m8[0;30;5;40;100m88[0;34;5;40;100m8[0;1;30;90;40m8[0;30;5;40;100m8[0;1;30;90;40m@@888[0;30;5;40;100m8[0;1;30;90;40m8[0;30;5;40;100m8[0;1;30;90;40m8[0;31;40mS[0;1;30;90;40m8888[0;34;5;40;100m8[0;1;30;90;40m88[0;30;5;40;100m8[0;1;30;90;40m8[0;30;5;40;100m88[0;1;30;90;40m8[0;30;5;40;100m8[0;31;5;40;100m@[0;1;30;90;47m.[0;1;30;90;40m8[0;34;40m.[0;32;40m   [0;34;40m                                     [0m
[0;34;40m                                    [0;1;30;90;40m@[0;1;30;90;47m;[0;35;5;40;100m;[0;30;5;40;100m8XX@@@@@8@888[0;1;30;90;40m8[0;30;5;40;100m88888[0;34;40m8[0;30;5;40;100m@8[0;1;30;90;40m88888[0;30;5;40;100m8[0;1;30;90;40m88[0;34;5;40;100m8[0;1;30;90;40m8[0;30;5;40;100m8[0;34;40m8[0;30;5;40;100mX[0;1;30;90;40m88[0;35;5;40;100m.[0;1;30;90;47m.[0;1;30;90;40mX[0;32;40m    [0;34;40m                                     [0m
[0;34;40m                                   .[0;33;5;40;100m [0;1;30;90;47m%[0;30;5;40;100m8XXX@[0;34;5;40;100m@[0;30;5;40;100m8X@@@X@@@88[0;34;40m8[0;30;5;40;100m8888[0;1;30;90;40m8[0;30;5;40;100m8[0;1;30;90;40m8[0;34;40m@[0;30;5;40;100m8[0;1;30;90;40m8[0;30;5;40;100m8[0;1;30;90;40m8[0;30;5;40;100m8[0;1;30;90;40m88[0;30;5;40;100m8@[0;1;30;90;40m8[0;34;5;40;100m8[0;31;40mX[0;1;30;90;47m8[0;35;5;40;100m [0;34;40m.[0;32;40m     [0;34;40m                                    [0m
[0;34;40m                                  [0;31;40m [0;31;5;40;100m%[0;1;30;90;47mt[0;31;5;40;100m@[0;30;5;40;100m8@X@@8@@@@@@@@[0;34;5;40;100m@[0;30;5;40;100m8@S888[0;1;30;90;40m@[0;34;5;40;100m8[0;1;30;90;40m8[0;31;40m@[0;30;5;40;100m888[0;1;30;90;40m8[0;34;5;40;100m8[0;1;30;90;40m8[0;30;5;40;100m88[0;1;30;90;40m8[0;30;5;40;100m8[0;1;30;90;40m88[0;30;5;40;100m8[0;1;30;90;47mt[0;30;5;40;100mX[0;31;40m [0;32;40m     [0;34;40m                                    [0m
[0;34;40m                                 [0;31;40m [0;32;40m:[0;1;30;90;47m8[0;33;5;40;100m [0;30;5;40;100m8@[0;34;5;40;100m@[0;30;5;40;100m8XX@X@@[0;34;5;40;100m@[0;30;5;40;100m8X@@8@@@[0;34;5;40;100m@[0;30;5;40;100m888[0;1;30;90;40m8[0;30;5;40;100m8[0;1;30;90;40m@[0;31;40m8[0;30;5;40;100m88[0;1;30;90;40m88[0;30;5;40;100m8[0;1;30;90;40m8[0;30;5;40;100m8[0;34;40m8[0;30;5;40;100mX8[0;1;30;90;40m8[0;31;5;40;100mS[0;1;30;90;47m;[0;1;30;90;40mX[0;31;40m [0;32;40m    [0;34;40m                                     [0m
[0;34;40m                                  [0;34;5;40;100mS[0;1;30;90;47m%[0;31;5;40;100m8[0;30;5;40;100m@88X@@@@@@8@@@@X@@@8@@[0;34;5;40;100m8[0;30;5;40;100m8[0;1;30;90;40m@[0;31;5;40;100m8[0;30;5;40;100m8[0;1;30;90;40m8[0;30;5;40;100m88[0;1;30;90;40m8[0;30;5;40;100m8[0;34;40m8[0;31;5;40;100mX[0;30;5;40;100m8[0;1;30;90;40m8[0;30;5;40;100m8[0;1;30;90;40m8[0;35;5;40;100m;[0;1;30;90;47mX[0;31;40m:[0;34;40m.[0;32;40m     [0;34;40m                                    [0m
[0;34;40m                                 [0;31;40m;[0;1;30;90;47mS[0;33;5;40;100m%[0;1;30;90;40m8[0;30;5;40;100m@@X@@@@[0;34;5;40;100m@[0;30;5;40;100m8@X@@@@@@[0;34;5;40;100m@[0;30;5;40;100m8@X@88[0;31;40m8[0;33;5;40;100m:S[0;30;41m8[0;34;5;40;100m8[0;1;30;90;40m8[0;30;5;40;100m888[0;1;30;90;40m@[0;30;5;40;100m8[0;1;30;90;40m8[0;34;5;40;100m8[0;31;40mS[0;37;5;40;100m@X[0;32;40m:[0;34;40m [0;32;40m     [0;34;40m                                    [0m
[0;34;40m                                [0;32;40m.[0;36;5;40;100m:[0;1;30;90;47mX[0;1;30;90;40m8[0;30;5;40;100mX@@@@[0;34;5;40;100m@[0;30;5;40;100m888@X@@@[0;34;5;40;100m@[0;30;5;40;100m8X@8@@@@@8[0;33;5;40;100m8[0;37;43m8[0;33;47m8[0;31;5;40;100m8[0;1;30;90;40mX8[0;30;5;40;100m8[0;1;30;90;40m8[0;34;5;40;100m8[0;1;30;90;40m8[0;30;5;40;100m8[0;1;30;90;40m888[0;1;30;90;47m8[0;33;5;40;100m.[0;31;40m.[0;34;40m  [0;32;40m    [0;34;40m                                    [0m
[0;34;40m                                [0;31;40m;[0;1;30;90;47mX[0;33;5;40;100m:[0;30;5;40;100m8@@[0;34;5;40;100m@[0;30;5;40;100m8@8@X@X@@@@8@@@X@X@@X[0;31;40m@[0;33;5;40;100mt[0;33;47m8[0;37;43m8[0;33;5;40;100m@[0;31;40m8[0;34;5;40;100m8[0;1;30;90;40m888[0;30;5;40;100m8[0;1;30;90;40m8[0;34;5;40;100m8[0;1;30;90;40m8@[0;1;30;90;47mX[0;33;5;40;100m:[0;34;40m                                           [0m
[0;34;40m                               .[0;36;5;40;100m [0;1;30;90;47m8[0;31;5;40;100m8[0;30;5;40;100m@X@8@X@X@X@@@[0;34;5;40;100m@[0;1;30;90;40m8[0;30;5;40;100mXX@@@@@@@8[0;31;5;40;100m8[0;33;5;40;100m;[0;33;47m8[0;33;5;41;101mt[0;1;30;90;47m%[0;31;5;40;100mX[0;31;40mS[0;30;5;40;100m@8[0;1;30;90;40m8[0;30;5;40;100m8[0;1;30;90;40m88[0;30;5;40;100m8[0;1;30;90;40m8[0;1;30;90;47m%[0;31;5;40;100mX[0;34;40m                                           [0m
[0;34;40m                              [0;32;40m [0;1;30;90;40mS[0;1;30;90;47mt[0;33;5;40;100m%[0;30;5;40;100mX[0;35;5;40;100mX[0;30;5;40;100m8@XXX@@@@@@@8XX@@@@[0;34;5;40;100m@[0;30;5;40;100m8X@8[0;33;5;40;100mS[0;33;47m888[0;37;43m@[0;1;30;90;43m8[0;30;5;40;100m8[0;1;30;90;40m8[0;30;5;40;100m88[0;34;40m8[0;30;5;40;100mX8[0;1;30;90;40m8[0;31;5;40;100m8[0;1;30;90;47m%[0;1;30;90;40m8[0;34;40m.[0;32;40m [0;34;40m                                         [0m
[0;34;40m                             [0;32;40m  [0;33;5;40;100m.[0;1;30;90;47m8[0;30;5;40;100m8[0;35;5;40;100mS[0;32;5;40;100m@[0;30;5;40;100mXX@@@@@@[0;34;5;40;100m@[0;1;30;90;40m8[0;30;5;40;100mS@X@@@@[0;34;5;40;100m@[0;1;30;90;40m8[0;30;5;40;100m8@X@[0;31;5;40;100m8[0;33;5;40;100m;[0;33;47m8[0;33;5;41;101mt[0;33;47mX8[0;1;30;90;43m8[0;1;30;90;41m8[0;34;40m8[0;30;5;40;100m@888[0;1;30;90;40m8@[0;30;5;40;100m@[0;1;30;90;47m;[0;1;30;90;40m8[0;32;40m [0;34;40m                                          [0m
[0;34;40m                             [0;32;40m [0;1;30;90;40mX[0;1;30;90;47m%[0;33;5;40;100m;[0;35;5;40;100mS[0;33;5;40;100mX[0;34;5;40;100mS[0;31;5;40;100mX[0;30;5;40;100m8[0;34;5;40;100m@[0;30;5;40;100m8X@[0;34;5;40;100m@[0;1;30;90;40m8[0;30;5;40;100m8[0;31;5;40;100mX[0;30;5;40;100m88@@@[0;34;5;40;100m@[0;1;30;90;40m8[0;31;5;40;100m8[0;30;5;40;100m8X@@[0;1;30;90;40m8[0;31;5;40;100m8[0;1;30;90;43m8[0;33;47m@@[0;37;43m8[0;1;31;91;47m8[0;33;47m8[0;31;5;40;100m8[0;30;5;40;100m8[0;1;30;90;40m8[0;30;5;40;100m8[0;1;30;90;40m8[0;30;5;40;100m8[0;1;30;90;40m8[0;34;40m@[0;31;5;40;100mX[0;1;30;90;47m;[0;1;30;90;40m@[0;32;40m  [0;34;40m                                         [0m
[0;34;40m                              [0;36;5;40;100m:[0;1;30;90;47m%[0;35;5;40;100mt[0;33;5;40;100m.[0;35;5;40;100m:%[0;30;5;40;100mS[0;34;5;40;100mS[0;30;5;40;100m88X@8[0;31;5;40;100m@[0;30;5;40;100m88[0;34;5;40;100m8[0;30;5;40;100m8@@@8@88@@[0;34;5;40;100m@[0;1;30;90;40m@[0;31;5;40;100m@[0;1;30;90;47m8[0;1;31;91;43m8[0;1;30;90;47m8[0;37;43m@[0;1;30;90;43m8[0;33;47m8[0;33;5;40;100mS[0;1;30;90;41mS[0;1;30;90;40m8[0;30;5;40;100m88[0;34;40m8[0;30;5;40;100m8[0;1;30;90;40m@[0;31;5;40;100m@[0;1;30;90;47m%[0;1;30;90;40mX[0;32;40m    [0;34;40m                                       [0m
[0;34;40m                             [0;31;40m.[0;37;5;40;100m88[0;33;5;40;100m:[0;35;5;40;100m  [0;33;5;40;100m :%[0;30;5;40;100m@XXX88[0;34;5;40;100m8[0;1;30;90;40m8[0;30;5;40;100m8@X@XX@8[0;34;5;40;100m@[0;30;5;40;100m8@8[0;1;30;90;40m@[0;33;5;40;100m8[0;1;30;90;43m8[0;1;30;90;47m8[0;1;31;91;43m8[0;1;30;90;47m8[0;33;47m8[0;33;5;41;101mX[0;1;30;90;47m8[0;31;5;40;100m8[0;1;30;90;40mX[0;30;5;40;100m8[0;1;30;90;40m888X[0;30;5;40;100m@[0;1;30;90;47mt[0;1;30;90;40mS[0;32;40m     [0;34;40m                                      [0m
[0;34;40m                             [0;30;5;40;100m@[0;1;30;90;47m;[0;35;5;40;100m:  [0;37;5;40;100mX[0;35;5;40;100m  t[0;30;5;40;100mX@@@[0;34;5;40;100m@[0;30;5;40;100m88@@X@@@@@@8@X8[0;30;41m8[0;33;5;40;100m.[0;33;47m8[0;1;30;90;43m8[0;1;30;90;47m8[0;1;31;91;43m8[0;1;30;90;47m8[0;33;5;40;100m [0;1;30;90;43m8[0;33;5;40;100m%[0;1;30;90;40m88[0;34;40m8[0;30;5;40;100m8[0;1;30;90;40mX@[0;33;5;40;100m:[0;1;30;90;47m8[0;31;40m;[0;32;40m.[0;34;40m                                          [0m
[0;34;40m                             [0;35;5;40;100m [0;1;30;90;47mX[0;33;5;40;100m;[0;35;5;40;100m [0;37;5;40;100mX[0;35;5;40;100m   t[0;30;5;40;100mXX@X88@X@@@[0;34;5;40;100m@[0;30;5;40;100m8@@@X@X8[0;31;40m8[0;33;5;40;100m:[0;37;5;40;100m;[0;33;47m8[0;33;5;40;100m:[0;1;30;90;47m8[0;1;30;90;43m8[0;33;47m8[0;35;5;40;100m.[0;33;5;40;100m;[0;31;5;40;100m8[0;1;30;90;40m8X[0;31;40mX[0;1;30;90;40m@[0;31;40m@[0;1;30;90;47mX[0;33;5;40;100m [0;32;40m:[0;34;40m.                                          [0m
[0;34;40m                            :[0;1;30;90;47m8[0;37;5;40;100mX[0;35;5;40;100m:  [0;37;5;40;100m8[0;35;5;40;100m.:[0;31;5;40;100mS[0;30;5;40;100m8@[0;34;5;40;100m@[0;30;5;40;100m8@XX@@@@[0;1;30;90;40m8[0;30;5;40;100m@@@[0;1;30;90;40m8[0;30;5;40;100m8[0;1;30;90;40m8[0;31;40m8[0;1;30;90;40m8[0;31;40m8[0;33;5;40;100mt[0;1;30;90;43m8[0;1;31;91;45m8[0;37;43m8[0;1;30;90;43m8[0;1;30;90;45m8[0;1;30;90;43m8[0;33;47m8[0;33;5;40;100mt[0;31;5;40;100m8X[0;33;5;40;100m@%t[0;31;5;40;100m8[0;1;30;90;47mX[0;33;5;40;100m.[0;34;40m                                            [0m
[0;34;40m                           [0;32;40m [0;1;30;90;40m@[0;1;30;90;47m;[0;33;5;40;100m;[0;35;5;40;100m.  ;[0;31;5;40;100mX@[0;30;5;40;100m88[0;31;5;40;100m8[0;31;40m@[0;30;5;40;100m8[0;31;5;40;100m8[0;1;30;90;40m@[0;31;40m8[0;1;30;90;40m8[0;31;40m8[0;30;5;40;100m8[0;31;40m8[0;30;5;40;100m8[0;31;40m8[0;30;5;40;100m8[0;1;30;90;40m8[0;31;5;40;100m@[0;30;5;40;100mX[0;35;5;40;100mX[0;30;5;40;100mS[0;31;5;40;100mX[0;30;5;40;100mX[0;33;5;40;100m@ [0;33;47m8[0;33;5;40;100m:[0;1;30;90;43m8[0;33;47m8[0;1;30;90;45m8[0;1;31;91;43m8[0;37;5;40;100mt[0;33;5;40;100m%t;;t[0;31;5;40;100m8[0;33;5;40;100m.[0;1;30;90;47m8[0;31;40m.[0;34;40m                                           [0m
[0;34;40m                          [0;32;40m [0;31;40m [0;1;30;90;40m8[0;1;30;90;47mt[0;33;5;40;100mt[0;37;5;40;100mX[0;33;47m8[0;33;5;40;100m.[0;1;30;90;43m8[0;33;5;40;100m ;;t;:tt;[0;31;5;40;100m@[0;1;30;90;47m;[0;1;37;97;47m [0;1;30;90;47m::;;t%X[0;37;5;40;100m88[0;1;30;90;47m@;[0;1;37;97;47mS[0;35;5;40;100m:[0;1;30;90;43m8[0;33;5;40;100m:[0;1;30;90;43m8[0;37;45m8[0;1;30;90;43m88[0;1;30;90;47m8[0;1;30;90;43m8[0;35;5;40;100m [0;1;30;90;43m8[0;33;5;40;100m [0;1;30;90;43m8[0;35;5;40;100m:[0;33;5;40;100m8[0;31;5;40;100m8[0;1;30;90;47m%[0;1;30;90;40m@[0;34;40m                                           [0m
[0;34;40m                          [0;32;40m [0;31;40m [0;30;5;40;100m@[0;1;30;90;47m%[0;33;5;40;100m8[0;1;30;90;43m8[0;1;30;90;47m8[0;1;31;91;43m8[0;1;30;90;47m8[0;37;43m@[0;1;30;90;43m8[0;33;5;40;100m;[0;1;30;90;43m8[0;1;30;90;47m8[0;1;30;90;43m8[0;33;5;40;100m.[0;1;30;90;43m8[0;35;5;40;100m.[0;31;5;40;100m8[0;1;30;90;47m:[0;33;5;40;100m;[0;34;40m;[0;31;40mt[0;1;30;90;40mS[0;31;40m;[0;34;40mt[0;31;40mt[0;34;40m;[0;31;40m:[0;32;40m:[0;34;40m.[0;32;40m;[0;35;5;40;100m.[0;1;30;90;47mX[0;1;30;90;41m8[0;33;5;40;100m:;[0;1;31;91;43m8[0;37;5;40;100mS[0;35;5;40;100m;[0;1;30;90;43m8[0;1;30;90;45m8[0;1;30;90;43m8[0;35;47m8[0;1;30;90;43m8[0;1;30;90;45m8[0;1;30;90;43m8[0;31;5;40;100m88[0;1;30;90;47m8[0;33;5;40;100m.[0;34;40m                                           [0m
[0;34;40m                          [0;32;40m [0;31;40m [0;33;5;40;100m;[0;1;30;90;47m@[0;31;5;40;100m8[0;37;5;40;100mt[0;37;43m8[0;1;30;90;47m8[0;33;5;41;101m8[0;37;5;40;100mS[0;1;30;90;45m8[0;1;31;91;43m8[0;1;30;90;47m8[0;31;5;41;101m8[0;1;30;90;47m8[0;1;30;90;43m8[0;37;45m8[0;1;30;90;43m8[0;1;30;90;41m8[0;37;5;40;100m8[0;33;5;40;100m [0;31;40m:[0;32;40m:[0;34;40m.[0;32;40m:[0;31;40m.[0;32;40m:[0;31;40m.[0;32;40m.[0;34;40m.[0;31;40m..;[0;1;30;90;47m8[0;37;5;40;100mS[0;1;30;90;41m8[0;33;5;40;100m:[0;35;5;40;100m.[0;1;30;90;43m8[0;1;30;90;45m8[0;1;30;90;43m88[0;35;5;40;100m:[0;33;41m8[0;35;5;40;100m%[0;33;5;40;100m8[0;31;5;40;100m8[0;35;5;40;100m@[0;31;5;40;100m@S[0;1;30;90;47m@[0;1;30;90;40mX[0;34;40m                                          [0m
[0;34;40m                          [0;31;40m [0;34;40m [0;35;5;40;100m:[0;1;30;90;47m8[0;33;5;40;100m@:[0;33;5;41;101mX[0;37;5;40;100m%t[0;1;30;90;43m88[0;1;30;90;47m8[0;33;5;40;100m% [0;1;30;90;43m8[0;1;30;90;45m8[0;1;30;90;43m8[0;35;5;40;100m [0;31;5;40;100m8[0;37;5;40;100m@[0;33;5;40;100m [0;31;40m:[0;34;40m.[0;32;40m [0;34;40m .[0;31;40m [0;34;40m  [0;31;40m [0;34;40m .[0;32;40m.[0;31;5;40;100mX[0;1;30;90;47mt[0;33;5;40;100m@[0;31;5;40;100mX[0;33;5;40;100mt;[0;1;30;90;43m8[0;1;30;90;45m8[0;1;30;90;43m8[0;35;5;40;100mt[0;33;5;40;100m%[0;1;30;90;41m8[0;35;5;40;100mX[0;31;5;40;100m@[0;33;5;40;100m8[0;30;5;40;100m@8[0;37;5;40;100m8[0;33;5;40;100m [0;31;40m:[0;32;40m.[0;34;40m                                        [0m
[0;34;40m                           :[0;1;30;90;47m8[0;33;5;40;100m t[0;33;47m8[0;37;5;40;100mt[0;1;30;90;43m8[0;1;30;90;47m8[0;35;5;41;101m@[0;37;5;40;100m@[0;1;30;90;43m8[0;35;5;40;100m.[0;33;47m8[0;1;30;90;45m8[0;37;43mX[0;35;5;40;100m:[0;1;30;90;43m8[0;31;5;40;100m8[0;37;5;40;100mXS[0;31;40m.[0;32;40m.[0;34;40m [0;31;40m  [0;32;40m  [0;34;40m  [0;32;40m  [0;34;40m [0;32;40m;[0;1;30;90;47mS[0;35;5;40;100m%[0;31;5;40;100m8[0;33;5;40;100mS[0;1;30;90;45m8[0;1;30;90;43m8[0;33;5;40;100m;[0;35;5;40;100mS[0;33;41m8[0;35;5;40;100mS[0;33;5;40;100m@[0;31;5;40;100m@S@[0;33;5;40;100m@[0;31;5;40;100m8X[0;1;30;90;47mt[0;1;30;90;40m8[0;34;40m                                         [0m
[0;34;40m                          [0;32;40m [0;32;5;40;100mS[0;1;30;90;47mS[0;33;5;40;100mX[0;33;47m8[0;1;30;90;43m8[0;1;30;90;47m8[0;33;5;41;101m%[0;1;30;90;47mX[0;37;43m8[0;1;30;90;43m8[0;35;47m8[0;1;31;91;43m8[0;35;5;40;100m.[0;1;30;90;43m8[0;1;30;90;45m8[0;1;30;90;43m8[0;1;30;90;45m8[0;33;5;40;100m8[0;1;30;90;47mX[0;30;5;40;100m8[0;31;40m.       [0;32;40m   [0;34;40m.[0;31;40m.[0;35;5;40;100m [0;1;30;90;47m8[0;1;30;90;41m8[0;33;5;40;100m8[0;31;5;40;100m@[0;33;5;40;100m%[0;1;30;90;41m8[0;33;5;40;100m%[0;35;5;40;100mX[0;31;5;40;100m8X[0;33;5;40;100m@[0;31;5;40;100m@[0;30;5;40;100mX[0;31;5;40;100mXX[0;1;30;90;40m8[0;37;5;40;100m8[0;33;5;40;100m [0;32;40m.[0;31;40m  [0;34;40m                                      [0m
[0;34;40m                         [0;32;40m [0;31;40m.[0;35;5;40;100m [0;1;30;90;47m8[0;33;5;40;100m%[0;1;30;90;47m8[0;33;5;41;101m%[0;1;30;90;47m%X[0;1;30;90;43m8[0;1;30;90;47m8[0;37;43m8[0;1;30;90;43m8[0;1;30;90;47m8[0;33;5;40;100m;:[0;1;30;90;43m8[0;35;47m8[0;31;43m8[0;35;5;40;100m [0;1;30;90;47m8[0;31;40m;       [0;32;40m    [0;31;40m .[0;35;5;40;100m:[0;1;30;90;47m@[0;1;30;90;41m8[0;33;5;40;100mX[0;31;5;40;100mX[0;35;5;40;100m%[0;33;5;40;100m8[0;31;5;40;100m8[0;33;5;40;100m8[0;31;5;40;100m@XX[0;30;5;40;100mS[0;31;5;40;100mSS[0;33;5;40;100m@[0;1;30;90;40m@[0;33;5;40;100m [0;1;30;90;47m8[0;31;40m:[0;32;40m [0;34;40m                                       [0m
[0;34;40m                          [0;1;30;90;40m8[0;1;30;90;47m:[0;33;5;40;100mt[0;1;30;90;43m8[0;1;30;90;47m8[0;33;47m8[0;1;30;90;43m8[0;33;47m8[0;37;43m8[0;1;30;90;43m8[0;35;47m8[0;33;47m8[0;1;31;91;43m8[0;1;30;90;47m8[0;35;5;40;100m;[0;1;31;91;43m8[0;35;5;40;100m.X[0;1;30;90;47mS[0;31;5;40;100m8[0;34;40m    [0;31;40m     [0;32;40m   [0;34;40m [0;32;40m [0;1;30;90;40m8[0;1;30;90;47m;[0;30;5;40;100m8[0;31;5;40;100m@[0;33;5;40;100m@[0;31;5;40;100m8@X@S[0;30;5;40;100mS[0;31;5;40;100mS[0;33;5;40;100m@[0;31;5;40;100m8[0;30;5;40;100mX[0;31;5;40;100m@@[0;33;5;40;100mt[0;1;30;90;47mX[0;31;40m;[0;32;40m.[0;34;40m.[0;32;40m   [0;34;40m                                   [0m
[0;34;40m                        [0;31;40m [0;34;40m.[0;37;5;40;100m8S[0;33;5;40;100m;[0;33;47m8[0;1;30;90;43m8[0;1;30;90;47m8[0;33;47m8[0;33;5;40;100m:[0;1;31;91;47m8[0;33;47m8[0;1;30;90;43m8[0;1;30;90;47m88[0;1;31;91;43m8[0;1;30;90;47m8[0;33;5;40;100m [0;31;5;40;100m8[0;1;30;90;47m@[0;33;5;40;100m.[0;32;40m.[0;34;40m      [0;31;40m   [0;32;40m [0;34;40m   [0;32;40m ;[0;1;30;90;47mX[0;33;5;40;100mt[0;31;5;40;100m88SSS[0;30;5;40;100mS[0;31;5;40;100mS[0;33;5;40;100m8[0;30;5;40;100m8[0;31;5;40;100m@[0;30;5;40;100mS[0;31;5;40;100mS[0;33;5;40;100m@[0;30;5;40;100m8[0;31;5;40;100m8[0;1;30;90;47m%[0;1;30;90;40m@[0;34;40m [0;32;40m    [0;34;40m                                   [0m
[0;34;40m                       [0;31;40m  [0;1;30;90;40m8[0;1;30;90;47m;[0;33;5;40;100m;[0;33;47m8[0;1;31;91;47m8[0;33;47m8[0;1;31;91;43m8[0;1;30;90;47m8[0;37;43m8[0;33;5;40;100m.[0;33;47m8[0;1;31;91;47m8[0;1;30;90;43m8[0;33;47m8[0;1;30;90;47m8[0;1;30;90;43m8[0;33;5;40;100m;:[0;1;30;90;47mX[0;31;40m@[0;34;40m.[0;32;40m [0;34;40m           [0;32;40m [0;31;40m :[0;37;5;40;100mX%[0;30;5;40;100m8[0;31;5;40;100mX[0;30;5;40;100mS[0;31;5;40;100mS[0;30;5;40;100mS[0;31;5;40;100mS@[0;30;5;40;100m8[0;31;5;40;100mXSS[0;30;5;40;100mX[0;31;5;40;100m88[0;33;5;40;100m%[0;1;30;90;47m8[0;34;40m;[0;32;40m.[0;31;40m  [0;32;40m  [0;34;40m                                   [0m
[0;34;40m                       [0;31;40m [0;32;40m [0;33;5;40;100m [0;1;30;90;47m@[0;1;30;90;43m8[0;33;5;40;100m.[0;33;47m8[0;37;5;40;100m:[0;33;47m8[0;37;43m8[0;1;31;91;47m8[0;33;47m8[0;1;30;90;43m8[0;1;30;90;47m8[0;33;47m8[0;33;5;41;101mX[0;1;30;90;47m8[0;1;30;90;43m8[0;35;5;40;100mS[0;1;30;90;47mS[0;31;5;40;100mX[0;32;40m:[0;34;40m [0;32;40m [0;34;40m           [0;31;40m [0;34;40m  [0;35;5;40;100m.[0;1;30;90;47m8[0;30;41m8[0;33;5;40;100mS[0;31;5;40;100m@[0;30;5;40;100mS[0;31;5;40;100mSS[0;30;5;40;100mS[0;31;5;40;100mSS[0;30;5;40;100mS[0;31;5;40;100mSS[0;30;5;40;100mX8[0;33;5;40;100m [0;1;30;90;47m8[0;31;40m.[0;32;40m.[0;31;40m     [0;34;40m                                  [0m
[0;34;40m                       [0;32;40m [0;1;30;90;40mX[0;1;30;90;47mt[0;33;5;40;100mt[0;37;43m8[0;1;31;91;47m8[0;37;43m8[0;1;31;91;47m8[0;33;47m8[0;1;30;90;43m8[0;1;30;90;47m8[0;1;31;91;43m8[0;1;30;90;47m8[0;1;31;91;43m8[0;1;30;90;47m88[0;1;30;90;43m8[0;35;5;40;100m@[0;1;30;90;47m%[0;31;5;40;100m8[0;32;40m    [0;34;40m          [0;31;40m [0;34;40m   [0;30;5;40;100m@[0;1;30;90;47m:[0;30;5;40;100m8[0;31;5;40;100m@[0;30;5;40;100mS[0;31;5;40;100mSS[0;30;5;40;100mS[0;31;5;40;100mSS[0;30;5;40;100mS[0;31;5;40;100mX[0;30;5;40;100mS[0;31;5;40;100mSXX[0;1;30;90;47m;[0;1;30;90;40m8[0;32;40m.[0;31;40m.[0;34;40m  [0;31;40m  [0;34;40m                                   [0m
[0;34;40m                      [0;32;40m  [0;33;5;40;100m:[0;1;30;90;47mS[0;1;30;90;43m8[0;33;47m8[0;37;43m8[0;33;47m8[0;37;43m8[0;1;31;91;47m8[0;33;47m88[0;1;30;90;47m8[0;33;47m8[0;1;30;90;47m8[0;1;30;90;43m8[0;33;5;40;100m.[0;1;30;90;41m8[0;1;30;90;47m%[0;33;5;40;100mX[0;31;40m.  [0;32;40m  [0;34;40m             [0;31;40m [0;1;30;90;40m8[0;1;30;90;47mt[0;31;40m8[0;33;5;40;100m8[0;31;5;40;100m8[0;30;5;40;100m@[0;31;5;40;100mSS[0;30;5;40;100mX[0;31;5;40;100mXS[0;30;5;40;100mS[0;31;5;40;100mX[0;30;5;40;100mS[0;31;40m8[0;33;5;40;100m [0;1;30;90;47m@[0;32;40m:[0;31;40m.[0;34;40m                                        [0m
[0;34;40m                       :[0;1;30;90;47m8[0;37;5;40;100mS[0;1;30;90;43m8[0;1;31;91;47m8[0;33;47m8[0;33;5;41;101mt[0;1;30;90;47mX[0;37;43m@8[0;33;5;41;101mS[0;1;30;90;47m8[0;1;30;90;43m8[0;33;47m8[0;1;31;91;47m8[0;31;5;40;100m8[0;1;30;90;47m8[0;33;5;40;100m.[0;31;40m%[0;34;40m [0;31;40m    [0;34;40m             [0;31;40m [0;1;30;90;40mS[0;1;30;90;47m;[0;33;5;40;100mS[0;1;30;90;40m8[0;31;5;40;100m@S[0;30;5;40;100mX[0;31;5;40;100mSX[0;30;5;40;100m@[0;31;5;40;100mSS[0;30;5;40;100mS[0;31;5;40;100mS[0;32;5;40;100mS[0;1;30;90;47mS[0;33;5;40;100mX[0;34;40m                                          [0m
[0;34;40m                      [0;32;40m [0;30;5;40;100mS[0;1;30;90;47m;[0;1;30;90;43m8[0;33;47m8[0;1;31;91;43m8[0;1;30;90;47mS[0;33;47m8[0;37;43m8[0;1;31;91;47m8[0;33;47m8[0;1;30;90;47m8[0;37;43m@[0;1;31;91;47m8[0;33;5;40;100mt[0;31;5;40;100m8[0;1;30;90;47mS[0;33;5;40;100m%[0;31;40mt[0;34;40m.[0;31;40m      [0;34;40m           [0;32;40m [0;31;40m .[0;37;5;40;100m8[0;35;5;40;100m.[0;31;5;40;100m8[0;30;5;40;100m@[0;31;5;40;100mX[0;30;5;40;100mS[0;31;5;40;100mX[0;1;30;90;40m8[0;33;5;40;100m8[0;31;40m8[0;33;5;40;100m8[0;31;5;40;100m8[0;31;40mX[0;37;5;40;100m8[0;33;5;40;100m [0;31;40m:[0;34;40m.                                         [0m
[0;34;40m                      [0;32;40m:[0;1;30;90;47m8[0;37;5;40;100mS[0;1;30;90;43m8[0;33;47m@88[0;33;5;41;101m:[0;33;47mX8[0;37;43m88[0;33;47m8[0;1;30;90;43m8[0;31;5;40;100m8[0;1;30;90;47mt[0;33;5;40;100m:[0;31;40m;[0;34;40m.[0;31;40m       [0;34;40m           [0;31;40m [0;32;40m .[0;35;5;40;100m [0;1;30;90;47m8[0;31;40m8[0;33;5;40;100m@[0;30;5;40;100m8[0;31;5;40;100mXSSX[0;32;5;40;100mS[0;30;41m8[0;32;5;40;100mX[0;31;5;40;100mS[0;1;30;90;47m:[0;1;30;90;40m8[0;31;40m [0;34;40m                                          [0m
[0;34;40m                      [0;30;5;40;100m8[0;1;30;90;47mt[0;1;30;90;43m8[0;1;31;91;47m8[0;33;47m8[0;33;5;41;101m.[0;1;33;93;47mX[0;33;47m@8[0;37;43m@[0;37;5;41;101m8[0;33;47m8[0;35;5;41;101m@[0;33;5;40;100m;[0;1;30;90;47m8[0;35;5;40;100m [0;31;40mS[0;34;40m.  [0;31;40m      [0;34;40m           [0;32;40m [0;34;40m .[0;33;5;40;100m [0;1;30;90;47m@[0;30;5;40;100m8[0;31;5;40;100m8@[0;30;5;40;100mX[0;31;5;40;100mX[0;32;40m8[0;31;5;40;100m8@[0;30;5;40;100mS[0;31;40m8[0;1;30;90;47m@[0;33;5;40;100m [0;31;40m:[0;32;40m.[0;34;40m                                          [0m
[0;34;40m                     :[0;37;5;40;100m8[0;1;30;90;47m8[0;1;30;90;43m8[0;33;47m8888[0;37;43m8[0;33;47m88[0;37;43m8[0;33;5;40;100m::[0;1;30;90;47mS[0;33;5;40;100m%[0;31;40mt[0;34;40m.   [0;31;40m     [0;34;40m             [0;31;40m .[0;33;5;40;100mt[0;1;30;90;47m@[0;30;41m8[0;32;5;40;100mS[0;31;5;40;100m8[0;30;5;40;100m@[0;31;5;40;100m@X[0;30;5;40;100mX[0;31;5;40;100m@[0;30;5;40;100m8[0;33;5;40;100m;[0;1;30;90;47mX[0;31;40mt[0;32;40m:[0;34;40m.[0;31;40m [0;34;40m                                         [0m
[0;34;40m                    [0;31;40m [0;30;5;40;100m8[0;1;30;90;47m:[0;1;30;90;43m8[0;33;47m8[0;33;5;41;101m;[0;33;47mX8[0;37;43m8[0;37;5;41;101m8[0;33;47m8[0;33;5;41;101mt[0;1;30;90;47m8[0;1;30;90;43m8[0;1;37;97;47m [0;31;5;40;100m8[0;34;40m.       [0;31;40m  [0;34;40m             [0;31;40m [0;32;40m [0;34;40m [0;1;30;90;40m8[0;1;30;90;47m:[0;30;5;40;100m8[0;31;5;40;100m8[0;30;5;40;100m8[0;31;5;40;100mX[0;30;5;40;100mX[0;31;5;40;100m@@[0;30;5;40;100mX[0;30;41m8[0;1;30;90;47m8[0;33;5;40;100m [0;32;40m;[0;34;40m.[0;31;40m   [0;34;40m                                        [0m
[0;34;40m                   [0;31;40m ;[0;1;30;90;47m8[0;37;5;40;100m@[0;1;30;90;43m8[0;33;47m8@8[0;33;5;41;101m:[0;33;47mX888[0;33;5;40;100m%[0;1;30;90;47mX[0;35;5;40;100m@[0;31;40m.  [0;34;40m                     [0;32;40m [0;34;40m  [0;1;30;90;40m8[0;1;30;90;47m:[0;31;5;40;100m8[0;30;5;40;100m8[0;31;5;40;100m@@[0;30;5;40;100m@[0;31;5;40;100m@[0;1;30;90;40m8[0;33;5;40;100m8[0;1;30;90;40m8[0;37;5;40;100mX8[0;31;40m:[0;32;40m [0;31;40m    [0;34;40m                                       [0m
[0;34;40m                  [0;31;40m [0;1;30;90;40mX[0;1;30;90;47mX[0;33;5;40;100m [0;1;30;90;43m8[0;1;31;91;47m@[0;33;47m8[0;1;31;91;47m8[0;33;47m8@8[0;37;43m8[0;1;30;90;43m8[0;1;30;90;45m8[0;1;30;90;47mX[0;31;5;40;100m8[0;31;40m     [0;34;40m                       [0;35;5;40;100m:[0;1;30;90;47mX[0;31;40m8[0;33;5;40;100m8[0;1;30;90;40m8[0;31;5;40;100m@X[0;1;30;90;40m8[0;31;5;40;100mS[0;1;30;90;41m8[0;30;5;40;100m8[0;1;30;90;47m8[0;33;5;40;100m:[0;31;40m.[0;32;40m  [0;31;40m   [0;34;40m                                       [0m
[0;34;40m                 [0;31;40m [0;32;40m.[0;37;5;40;100mX[0;1;30;90;47mS[0;1;30;90;43m8[0;33;47m@88888[0;37;5;41;101m8[0;33;47m8[0;33;41m8[0;1;30;90;47m8[0;1;37;97;47m [0;1;30;90;40m8[0;31;40m:[0;32;40m [0;31;40m    [0;34;40m                     [0;32;40m.[0;37;5;40;100m8[0;33;5;40;100m [0;31;5;40;100m@[0;30;5;40;100m8[0;31;5;40;100m@[0;30;5;40;100mX[0;31;5;40;100mXS[0;1;30;90;40m8[0;31;5;40;100mS[0;31;40m8[0;1;30;90;47m [0;33;5;40;100m%[0;34;40m                                             [0m
[0;34;40m                 [0;31;40m.[0;36;5;40;100mt[0;1;30;90;47mX[0;1;30;90;43m8[0;33;47m8[0;1;31;91;47m8[0;33;47m8[0;37;5;41;101m8[0;1;33;93;47m8[0;33;5;41;101mt[0;33;47mX88[0;31;5;40;100m@8[0;33;5;40;100m [0;1;30;90;47m8[0;33;5;40;100m.[0;31;40m:[0;32;40m  [0;31;40m    [0;34;40m                   [0;1;30;90;40m8[0;1;30;90;47m;[0;33;5;40;100m@[0;30;5;40;100m8[0;31;5;40;100m8@[0;30;5;40;100m@[0;1;30;90;41m8[0;32;5;40;100mX[0;1;30;90;41m8[0;32;5;40;100mS[0;31;40m8[0;33;5;40;100m.[0;1;30;90;47m@[0;30;5;40;100mX[0;34;40m.[0;31;40m    [0;34;40m                                       [0m
[0;34;40m                 [0;30;5;40;100m@[0;1;30;90;47mS[0;33;5;40;100mS[0;33;47m8[0;1;31;91;47m8[0;1;33;93;47m8[0;33;47m888X8[0;1;30;90;43m8[0;1;30;90;41mX[0;31;5;40;100m8[0;30;5;40;100m8[0;35;5;40;100mt[0;31;5;40;100m@[0;37;5;40;100m@X[0;32;40m:[0;31;40m.[0;34;40m                      [0;31;40m.[0;37;5;40;100m@X[0;30;41m8[0;33;5;40;100mS[0;30;5;40;100m8[0;31;5;40;100m8[0;30;5;40;100mX[0;31;5;40;100m@[0;31;40m8[0;33;5;40;100m8[0;30;41m8[0;30;5;40;100mX[0;1;30;90;40m8[0;31;5;40;100m8[0;37;5;40;100m8[0;33;5;40;100m.[0;34;40m.[0;31;40m    [0;34;40m                                      [0m
[0;34;40m                [0;31;40m:[0;1;30;90;47mS[0;33;5;40;100m [0;1;30;90;43m8[0;1;33;93;47mX[0;33;47m8[0;1;31;91;47m8[0;33;47m8[0;1;31;91;47m8[0;33;47m8[0;37;43m8[0;35;41mX[0;31;5;40;100m8[0;1;30;90;40m88[0;30;5;40;100m88[0;1;30;90;40m8[0;30;5;40;100m8[0;1;30;90;47m%[0;31;5;40;100mX[0;34;40m                      .[0;33;5;40;100m;[0;1;30;90;47m%[0;31;5;40;100m8[0;30;5;40;100mS[0;31;5;40;100m@X[0;30;5;40;100mX[0;1;30;90;41m8[0;32;5;40;100m@[0;31;5;40;100m8[0;30;5;40;100m@[0;31;5;40;100mS[0;31;40mX[0;30;5;40;100m8[0;1;30;90;40m@[0;33;5;40;100m;[0;1;30;90;47m8[0;31;40m;[0;32;40m.[0;34;40m                                         [0m
[0;34;40m               [0;1;30;90;40mS[0;37;5;40;100m@[0;1;30;90;47m@[0;1;30;90;43m8[0;33;47mS[0;1;31;91;47m@[0;33;47m8[0;1;33;93;47m8[0;33;47m8[0;37;43m8[0;1;30;90;41m8[0;31;5;40;100m88[0;30;5;40;100m@88[0;31;5;40;100m@[0;30;5;40;100m8[0;1;30;90;40m8@[0;1;30;90;47m8[0;36;5;40;100m.[0;34;40m                     [0;31;40m [0;1;30;90;40m8[0;1;30;90;47mS[0;31;5;40;100mX[0;1;30;90;40m8[0;33;5;40;100mS[0;31;5;40;100mSX[0;30;5;40;100mS[0;31;5;40;100m@[0;1;30;90;40m8[0;31;5;40;100mSX[0;1;30;90;40m8[0;30;5;40;100m8[0;1;30;90;40m88[0;35;5;40;100m;[0;1;30;90;47mS[0;32;40m;[0;34;40m.[0;31;40m [0;34;40m                                        [0m
[0;34;40m            [0;31;40m [0;1;30;90;40mX[0;37;5;40;100mS[0;1;30;90;47m8[0;33;5;40;100mXt[0;1;33;93;47mX[0;1;31;91;47mX[0;1;33;93;47m8[0;33;47m8[0;1;31;91;45m8[0;33;5;40;100m8[0;1;30;90;41m8[0;31;5;40;100mX[0;33;5;40;100mS@[0;1;30;90;40m8[0;31;5;40;100m@[0;30;5;40;100m8888[0;1;30;90;40m@[0;37;5;40;100m@[0;33;5;40;100m [0;31;40m.[0;34;40m                   [0;31;40m [0;1;30;90;40m8[0;1;30;90;47mS[0;33;5;40;100m;[0;30;5;40;100m8[0;33;5;40;100m@[0;35;5;40;100mX[0;33;5;40;100m8[0;31;5;40;100m8S[0;33;5;40;100m8[0;31;5;40;100m8[0;30;5;40;100mX[0;1;30;90;40m88[0;30;5;40;100m88[0;1;30;90;40m@[0;37;5;40;100mSS[0;31;40m:[0;34;40m.[0;31;40m     [0;34;40m                                    [0m
[0;34;40m           [0;31;40m [0;30;5;40;100m@[0;1;30;90;47m;[0;33;5;40;100m [0;31;5;40;100m8[0;33;5;40;100mX[0;1;30;90;47m8[0;1;33;93;47m8[0;33;47m@[0;1;30;90;45m8[0;33;41m8[0;35;5;40;100m;[0;31;5;40;100m8[0;33;5;40;100m%.[0;31;5;40;100m8[0;30;5;40;100m8@88[0;1;30;90;40m888[0;31;5;40;100m8[0;1;30;90;47m%[0;30;5;40;100m8[0;34;40m                    .[0;37;5;40;100m8S[0;31;5;40;100m88SS@[0;30;5;40;100mX[0;31;5;40;100mX[0;30;5;40;100m@[0;31;5;40;100mX[0;31;40mX[0;1;30;90;40m88[0;31;40mX[0;30;5;40;100m8[0;1;30;90;40m@[0;1;30;90;47mX[0;33;5;40;100m;[0;34;40m [0;31;40m      [0;34;40m                                    [0m
[0;34;40m        [0;32;40m .[0;1;30;90;40m8[0;37;5;40;100m%[0;1;30;90;47m8[0;33;5;40;100m;[0;31;5;40;100mX[0;33;5;40;100m:[0;1;30;90;47m@[0;33;47m8[0;35;41m8[0;33;5;40;100m@[0;31;5;40;100m8[0;33;5;40;100m;%[0;37;5;40;100m8[0;1;30;90;43m8[0;33;5;40;100m%[0;31;5;40;100m@[0;1;30;90;40m888[0;30;5;40;100m8[0;1;30;90;40m8[0;30;5;40;100m8[0;34;40mS[0;33;5;40;100m;[0;1;30;90;47m8[0;31;40m;[0;34;40m.[0;32;40m.[0;34;40m                 [0;32;40m.[0;33;5;40;100m:[0;1;30;90;47m@[0;31;5;40;100m8[0;1;30;90;40m@[0;30;5;40;100mX[0;33;5;40;100m8[0;31;5;40;100m8[0;33;5;40;100m8[0;30;5;40;100m8[0;31;5;40;100m@[0;1;30;90;40m8[0;32;40mX[0;30;5;40;100m8[0;1;30;90;40m8[0;31;5;40;100m@[0;1;30;90;40m88[0;31;5;40;100m8[0;1;30;90;47mX[0;30;5;40;100mX[0;31;40m       [0;34;40m                                    [0m
[0;34;40m    [0;32;40m [0;31;40m [0;34;40m.[0;30;5;40;100m@[0;33;5;40;100m [0;1;30;90;47m8[0;33;5;40;100m :[0;31;5;40;100mX[0;35;5;40;100mt[0;33;5;40;100mX[0;35;5;40;100mt[0;31;5;40;100m8X[0;33;5;40;100m%:[0;33;47m8@[0;1;30;90;43m8[0;31;5;40;100mS8[0;35;5;40;100mS[0;37;5;40;100m8[0;1;30;90;47m8@[0;35;5;40;100m;[0;1;30;90;40m@[0;30;5;40;100m88[0;1;30;90;40m8[0;1;30;90;47m@[0;35;5;40;100m.[0;32;40m.[0;34;40m                  [0;31;40m.[0;30;5;40;100m8[0;1;30;90;47m%[0;31;5;40;100mS[0;30;5;40;100m@88[0;31;40m@[0;1;30;90;40m8@[0;31;40mX[0;1;30;90;40mX[0;30;5;40;100m8[0;1;30;90;41m8[0;31;5;40;100mXX[0;32;40mS[0;1;30;90;40m@8[0;31;5;40;100m@[0;1;30;90;47mS[0;1;30;90;40mX[0;31;40m       [0;34;40m                                    [0m
[0;34;40m   [0;32;40m [0;34;40m [0;1;30;90;40mS[0;37;5;40;100m@[0;1;30;90;47m;[0;33;5;40;100mt[0;35;5;40;100m;[0;1;30;90;47m8[0;35;5;40;100m%[0;33;5;40;100m;[0;31;5;40;100mS[0;35;5;40;100m%[0;33;5;40;100m%[0;30;5;40;100m8[0;33;5;40;100mt[0;1;33;93;47mXX[0;33;47m8[0;1;30;90;41m8[0;35;5;40;100mS[0;31;5;40;100mX@[0;1;30;90;47mt[0;33;5;40;100mt[0;34;40m [0;35;5;40;100m.[0;1;30;90;47m8[0;31;40m8[0;30;5;40;100m8[0;1;30;90;40m8[0;31;5;40;100mS[0;1;30;90;47m;[0;1;30;90;40m@[0;31;40m.[0;34;40m                 .[0;36;5;40;100m%[0;1;30;90;47mS[0;33;5;40;100m.[0;30;5;40;100m8[0;31;5;40;100m8[0;30;5;40;100m@[0;35;5;40;100mS[0;1;30;90;40m8@8[0;30;5;40;100m8[0;31;40mX[0;1;30;90;40m8[0;30;5;40;100m@[0;31;5;40;100m@[0;32;40m%[0;30;5;40;100m8[0;31;40m8[0;30;5;40;100m8[0;33;5;40;100m;[0;1;30;90;47m@[0;34;40m:[0;31;40m.[0;32;40m  [0;31;40m  [0;34;40m                                      [0m
[0;34;40m   [0;31;40m;[0;36;5;40;100m.[0;1;30;90;47m%88;[0;1;37;97;47m [0;1;30;90;47m8[0;35;5;40;100m;.[0;36;5;40;100m.[0;1;30;90;47m8[0;36;5;40;100mS[0;35;5;40;100m@[0;31;5;40;100m@[0;33;5;40;100mS[0;1;30;90;41m8[0;35;5;40;100mX[0;33;5;40;100m8[0;31;5;40;100mS[0;1;30;90;40m8[0;1;30;90;47m@[0;36;5;40;100m [0;34;40m. [0;33;5;40;100m:[0;1;30;90;47m8[0;1;30;90;40m8[0;30;5;40;100m8[0;1;30;90;40m8[0;35;5;40;100m.[0;1;30;90;47m@[0;31;40m;[0;34;40m.[0;32;40m [0;34;40m               [0;1;30;90;40m@[0;37;5;40;100mSX[0;31;5;40;100mS8[0;34;5;40;100mS[0;35;5;40;100m.[0;37;5;40;100m%[0;36;5;40;100m [0;34;5;40;100mS[0;1;30;90;40m8@[0;30;5;40;100m8[0;34;5;40;100mS[0;30;5;40;100mS[0;1;30;90;40m@[0;31;40mS[0;1;30;90;40m8@8@[0;35;5;40;100m [0;37;5;40;100m8[0;31;40m:[0;32;40m.[0;34;40m                                          [0m
[0;34;40m :[0;33;5;40;100m [0;1;30;90;47m:[0;37;5;40;100m8[0;1;30;90;47m@[0;1;37;97;47m  [0;1;30;90;47m@8[0;35;5;40;100m; t[0;36;5;40;100m:[0;36;47m8[0;1;34;94;45m8[0;36;5;40;100m:[0;35;5;40;100m%[0;31;5;40;100mX8X[0;35;5;40;100mX[0;30;5;40;100m8[0;33;5;40;100mt[0;1;30;90;47m@[0;31;40m;[0;32;40m.[0;34;40m.[0;35;5;40;100m [0;37;5;40;100m@[0;1;30;90;40m8[0;30;5;40;100m8[0;31;40m8[0;1;30;90;47m:[0;35;5;40;100m:[0;32;40m     [0;34;40m           .[0;33;5;40;100m:[0;1;30;90;47m8[0;31;5;40;100m@[0;1;30;90;40m8[0;35;5;40;100m;[0;36;5;40;100m.[0;37;5;40;100mt[0;35;5;40;100m.:[0;36;5;40;100m%[0;35;5;40;100m@[0;34;5;40;100m8[0;1;30;90;40mX@8[0;35;5;40;100m@[0;36;5;40;100mX[0;34;5;40;100m8[0;31;40mX[0;33;5;40;100m.[0;1;30;90;47m8[0;33;5;40;100m [0;1;30;90;47m8[0;30;5;40;100m8[0;31;40m.[0;34;40m                                           [0m
[0;34;40m [0;33;5;40;100m:[0;1;30;90;47mS[0;36;5;40;100m.[0;1;30;90;47mt[0;1;36;96;47m%[0;1;35;95;47m%[0;1;36;96;47mX[0;1;35;95;47mS[0;36;5;40;100m%[0;35;5;40;100m%[0;34;5;40;100m%[0;36;5;40;100mt[0;1;30;90;47m8[0;37;5;44;104m8[0;1;30;90;47mS[0;1;30;90;46m8[0;35;5;40;100mX[0;34;5;40;100mS[0;30;5;40;100mX8S8[0;1;30;90;47mX[0;35;5;40;100m;[0;32;40m.[0;34;40m :[0;1;30;90;47m@[0;33;5;40;100m.[0;1;30;90;40m88[0;35;5;40;100mX[0;1;30;90;47m%[0;32;40m%[0;31;40m:[0;34;40m.[0;32;40m     [0;34;40m        [0;32;40m [0;1;30;90;40mX[0;1;30;90;47m%[0;31;5;40;100m8[0;34;40mt[0;35;5;40;100m%[0;36;5;40;100m%[0;35;5;40;100mt[0;36;5;40;100mX[0;35;5;40;100m@[0;36;44m8[0;35;5;40;100mS[0;36;5;40;100m8[0;34;5;40;100m8[0;1;30;90;40m88[0;34;40mS[0;34;5;40;100m@[0;35;5;40;100mX[0;34;5;40;100mS[0;1;30;90;40m8[0;1;30;90;47m88[0;31;5;40;100m8[0;32;40m:[0;31;40m.[0;34;40m                                            [0m
[0;31;40m [0;35;5;40;100m;[0;1;30;90;47m@[0;35;5;40;100m [0;1;30;90;47m88[0;1;34;94;47m8[0;1;30;90;47m8[0;1;30;90;46m8[0;35;5;40;100m8[0;34;5;40;100mX[0;30;5;40;100m@[0;35;5;40;100mt[0;1;30;90;46m8[0;1;30;90;47m8[0;1;34;94;46m8[0;1;30;90;47m8[0;34;5;40;100m@[0;30;5;40;100m8[0;31;5;40;100m@[0;30;5;40;100m8[0;33;5;40;100mS[0;1;30;90;47m8[0;33;5;40;100m.[0;31;40m:[0;32;40m.[0;34;40m [0;31;40m;[0;1;30;90;47m@[0;33;5;40;100m:[0;31;40m8[0;30;5;40;100m8[0;33;5;40;100m.[0;1;30;90;47m8[0;31;40m;[0;34;40m.[0;32;40m.[0;31;40m [0;32;40m  [0;34;40m         [0;32;40m  [0;1;30;90;40mS[0;1;30;90;47m@[0;33;5;40;100mt[0;1;30;90;40m8[0;34;5;40;100m@XX@[0;36;5;40;100m%[0;35;5;40;100m@[0;1;30;90;44m8[0;35;5;40;100mS[0;34;5;40;100mX[0;30;5;40;100m@[0;1;30;90;40m8[0;31;40mX[0;1;30;90;40m8[0;34;5;40;100m8[0;30;5;40;100mX[0;35;5;40;100m;[0;1;30;90;47m8[0;30;5;40;100m8[0;32;40m [0;34;40m                                              [0m
[0;34;40m [0;32;40m.[0;30;5;40;100m8[0;35;5;40;100m [0;37;5;40;100mXSSX[0;35;5;40;100m.[0;37;5;40;100m8[0;35;5;40;100m [0;37;5;40;100m888[0;35;5;40;100m.[0;1;30;90;47mt[0;35;5;40;100m;[0;37;5;40;100m@[0;33;5;40;100m [0;37;5;40;100mS[0;33;5;40;100m [0;35;5;40;100mS[0;32;40m;[0;31;40m:[0;34;40m.[0;32;40m .[0;34;40m.[0;1;30;90;40m@[0;35;5;40;100m [0;37;5;40;100mX[0;35;5;40;100m [0;33;5;40;100m:[0;31;40m;[0;34;40m:[0;32;40m.[0;34;40m              [0;31;40m [0;32;40m [0;34;40m;[0;33;5;40;100m.[0;37;5;40;100m%SX8[0;35;5;40;100m [0;37;5;40;100m@[0;35;5;40;100m [0;37;5;40;100m8[0;35;5;40;100m [0;37;5;40;100m8[0;35;5;40;100m.[0;37;5;40;100mX@S[0;33;5;40;100m [0;37;5;40;100mX[0;33;5;40;100m%[0;31;40m;[0;32;40m [0;34;40m                                               [0m
[0;34;40m  .;t%%XS[0;31;40mt[0;34;40m%[0;31;40m;[0;34;40m%%%[0;31;40mt[0;34;40m:[0;31;40m::[0;32;40m.  [0;31;40m [0;32;40m  [0;34;40m  [0;32;40m [0;31;40m. ..[0;34;40m.[0;32;40m..[0;34;40m               [0;32;40m .[0;31;40m. ..[0;34;40m:[0;31;40mt[0;34;40m@[0;1;30;90;40m8[0;34;40mX[0;1;30;90;40m8[0;34;40m%[0;31;40m%[0;34;40m%[0;31;40mt[0;32;40m:[0;31;40m;: [0;34;40m .[0;32;40m [0;34;40m                                               [0m
