[0;1;30;90;40m@@@@@@@@@@@@@@@@@@@@@@@@@@@@@@@@@@@@@@@@@@@@@@@@@@@@@@@@@@@@@@@@@@@@@@@@@@@@@@@@@@@@@@@@@@@@@@@@@@@@@@@@@@@@@@@@@@@@@@@@[0m
[0;1;30;90;40m@@@@@@@@@@@@@@@@@@@@@@@@@@@@@@@@@@@@@@@@@@@@@@@@@@@@@@@@@@@@@@@@@@@@@@@X888[0;30;5;40;100m8[0;34;5;40;100mSX[0;1;30;90;40m@8[0;36;5;40;100mX[0;35;5;40;100m;[0;36;5;40;100m;;[0;34;5;40;100m@[0;1;30;90;40mXX@@@@@@@@@@@@@@@@@@@@@@@@@@@@@@@@@[0m
[0;1;30;90;40m@@@@@@X@@@@@X@@@@@X@@@@@X@@@@@X@@@@@X@@@@@X@@@@@X@@@@@X@@@@@XX@8[0;30;5;40;100m8[0;34;5;40;100m@[0;30;5;40;100mX[0;36;5;40;100mX[0;34;5;40;100mX[0;36;5;40;100mt.[0;1;30;90;47mX[0;1;37;97;47m;%:.[0;1;30;90;47m.:S@%[0;1;36;96;47mS[0;1;37;97;47m  [0;36;47mS[0;1;30;90;47mS[0;36;5;40;100mt[0;34;5;40;100m8[0;32;40m%[0;1;30;90;40m8@@@@@X@@@@@X@@@@@X@@@@@X@@@@@@[0m
[0;1;30;90;40m@@@X@@@@@@X@@@@@X@@@@@X@@@@@X@@@@@X@@@@@X@@@@@X@@@@@X@@@@@X@[0;30;5;40;100m8[0;36;5;40;100m [0;1;30;90;47m8X[0;1;36;96;47mS[0;1;30;90;47m;[0;1;37;97;47m  [0;36;47m%[0;1;37;97;47m  ;tt[0;1;36;96;47m%[0;1;37;97;47m;[0;1;36;96;47m%[0;1;37;97;47m:[0;1;36;96;47mX[0;1;37;97;47m [0;1;36;96;47mX[0;1;37;97;47m [0;1;36;96;47m@[0;1;34;94;47m@[0;36;47m88@[0;34;5;40;100mX[0;1;30;90;40m@XXXXXX@@@@X@@@@@X@@@@@X@@@@@X@@[0m
[0;1;30;90;40m@@@@@@@@@@@@@@@@@@@@@@@@@@@@@@@@@@@@@@@@@@@@@@@@@@@@@@@@@@@X[0;34;5;40;100mS[0;1;30;90;47m:[0;1;30;90;46m8[0;30;44m@[0;34;5;40;100m@[0;36;5;40;100m;[0;36;47m8[0;1;36;96;47m%[0;1;37;97;47m [0;1;36;96;47mXSXXS[0;1;34;94;47m@[0;36;47m@XSX[0;1;34;94;47mX[0;36;47m@[0;1;34;94;47m8[0;1;30;90;47m8[0;1;30;90;46m8[0;1;37;97;47m [0;1;34;94;47m8[0;36;5;40;100m;: [0;37;5;40;100mX[0;1;30;90;47m888[0;36;5;40;100m.%[0;1;30;90;40m8@@@@@@@@@@@@@@@@@@@@@@@@[0m
[0;1;30;90;40m@@@@@@@@X@@@@@X@@@@@X@@@@@X@@@@@X@@@@@X@@@@@X@@@@@X@@@@@X@@X@[0;36;5;40;100m:[0;36;47mS[0;34;5;40;100mX[0;31;40m;[0;34;40mS@[0;37;5;40;100m;[0;1;37;97;47m [0;1;36;96;47mS[0;1;35;95;47mS[0;1;36;96;47mS[0;1;35;95;47mS[0;1;36;96;47m@[0;35;5;40;100m%.%[0;1;37;97;47m % [0;1;30;90;47m8[0;36;47m8[0;1;37;97;47m [0;1;36;96;47mS%[0;1;37;97;47m  [0;1;36;96;47mS[0;1;37;97;47m [0;1;36;96;47m8[0;36;47m888@@[0;1;30;90;47m8[0;30;44m@[0;1;30;90;40m8@@@@@X@@@@@X@@@@@X@@@@[0m
[0;1;30;90;40m@@@@X@@@@@@@@@@@@@@@@@@@@@@@@@@@@@@@@@@@@@@@@@@@@@@@@@@@@@@@@[0;34;5;40;100mX[0;1;30;90;47mS[0;1;30;90;46m8[0;35;5;40;100mX[0;1;30;90;40m8[0;36;5;40;100m:[0;1;37;97;47m [0;1;36;96;47mX[0;1;37;97;47m [0;1;36;96;47m@[0;1;35;95;47m%[0;37;5;46;106m8[0;1;35;95;47m@[0;36;5;40;100mt[0;35;5;40;100m.[0;37;5;40;100mt[0;36;47mS[0;1;37;97;47m [0;1;36;96;47mS[0;1;37;97;47m [0;1;36;96;47mS[0;1;35;95;47mS[0;1;36;96;47mX[0;1;35;95;47mS[0;37;5;46;106m8[0;1;37;97;47m [0;1;36;96;47mS[0;37;5;44;104m8[0;35;5;40;100mS[0;37;46m8[0;1;34;94;47m8[0;36;47mX[0;1;34;94;47m@[0;36;47m8[0;37;46m8[0;35;5;40;100mS[0;34;40mS[0;1;30;90;40m8@@@@@@@@@@@@@@@@@@@@@[0m
[0;1;30;90;40m@@@@@@@@@@@@X@@@@@X@@@@@X@@@@@X@@@@@X@@@@@X@@@@@X@@@@@X@@@@@@[0;34;40mX[0;36;5;40;100m.[0;1;30;90;47mt[0;36;5;40;100m8.[0;1;36;96;47m%[0;1;37;97;47m [0;1;36;96;47mX[0;1;35;95;47mS[0;37;5;46;106m8[0;1;35;95;47m%[0;1;36;96;47mXS[0;1;37;97;47m [0;1;36;96;47mS[0;1;37;97;47m [0;1;36;96;47mS[0;1;37;97;47m [0;1;36;96;47mS[0;1;35;95;47m%[0;37;5;46;106m8[0;1;37;97;47m [0;1;36;96;47mX[0;1;37;97;47m [0;1;34;94;47mS[0;1;36;96;47mS[0;1;34;94;47m@[0;36;47mX8[0;35;47m8[0;1;30;90;46m8[0;36;47mX[0;1;34;94;47m8[0;1;30;90;47m8[0;36;47m8[0;36;5;40;100m;[0;34;5;40;100m8[0;32;40mS[0;1;30;90;40m8@@@@@@@X@@@@@X@@@@@@[0m
[0;1;30;90;40m@@@@@@X@@@X@@@@@@@@@@@@@@@@@@@@@@@@@@@@@@@@@@@@@@@@@@@@@@@@@@8[0;34;5;40;100m8[0;1;30;90;47m8[0;36;47mX[0;1;37;97;47m [0;1;36;96;47mS[0;1;37;97;47m [0;1;36;96;47mX[0;1;34;94;47mS[0;1;37;97;47m [0;1;36;96;47mX[0;1;35;95;47mS[0;1;36;96;47mX[0;1;34;94;47mX[0;1;37;97;47m [0;1;36;96;47mX[0;1;37;97;47m [0;1;36;96;47mS[0;1;35;95;47mS[0;37;5;46;106m8[0;1;35;95;47m@[0;1;36;96;47m8[0;37;5;44;104m8[0;1;36;96;47mS[0;1;34;94;47m@X[0;36;47mX[0;1;34;94;47m@[0;36;47m8[0;1;30;90;47m88SX8[0;35;5;40;100m.[0;34;5;40;100m@[0;1;30;90;40m@8@@@@@X@@@@@@@@@@@@@X@[0m
[0;1;30;90;40m@@@X@@@@@@@@@@@@X@@@@@X@@@@@X@@@@@X@@@@@X@@@@@X@@@@@X@@@@@X@@X[0;32;40m%[0;36;5;40;100m [0;1;37;97;47m.[0;1;36;96;47mX[0;1;35;95;47m%[0;1;36;96;47m@[0;1;35;95;47mS[0;37;5;46;106m8[0;1;37;97;47m  [0;37;5;46;106m8[0;1;35;95;47m@[0;1;34;94;46m8[0;1;36;96;47mS[0;1;34;94;47m8S[0;1;36;96;47m@[0;37;5;44;104m8[0;1;36;96;47mS[0;37;5;44;104m8[0;1;30;90;47m8[0;1;36;96;47mX[0;1;34;94;47m8[0;36;47mX@@[0;1;30;90;47m8.[0;1;37;97;47m%X;:S[0;37;5;40;100m8[0;34;40mX[0;1;30;90;40m8@@@@X@@@@@@@@X@@@@X@@@[0m
[0;1;30;90;40m@@@@@@@@@@@@@@@@@@@@@@@@@@@@@@@@@@@@@@@@@@@@@@@@@@@@@@@@@@@@@8[0;30;5;40;100m8[0;36;47m@[0;1;37;97;47m [0;1;36;96;47mX%[0;1;37;97;47m [0;1;36;96;47mS[0;1;37;97;47m [0;1;36;96;47mS[0;37;5;44;104m8[0;1;37;97;47m [0;1;30;90;47m88[0;37;5;40;100m:[0;36;47m@[0;1;34;94;47m@X[0;36;47mX[0;1;34;94;47mX[0;36;47m@[0;1;34;94;47m@[0;1;30;90;47m8888[0;1;37;97;47m:t     :[0;33;5;40;100m:[0;31;5;40;100m8[0;32;40m%[0;1;30;90;40m8@@@@@@@@@@X@@@@@@@@@@[0m
[0;1;30;90;40m@@@@@@@@X@@@@X@@@@@X@@@@@X@@@@@X@@@@@X@@@@@X@@@@@X@@@@@X@@@@@S[0;36;5;40;100mt[0;1;37;97;47m [0;1;36;96;47mX[0;1;35;95;47mS[0;1;36;96;47m8[0;37;5;44;104m8[0;1;37;97;47m [0;37;5;44;104m8[0;1;34;94;47mS[0;1;37;97;47m.X;;;[0;1;30;90;47m:tt%t;:.[0;1;37;97;47m:%%[0;1;30;90;47m.[0;1;37;97;47m   [0;1;33;93;47mS[0;1;37;97;47m %[0;1;33;93;47mX[0;1;30;90;41m@[0;34;40m%[0;1;30;90;40m88@@@@@@@@X@@@@@@@@@@@@[0m
[0;1;30;90;40m@@@@@X@@@@@X@@@@@@@@@@@@@@@@@@@@@@@@@@@@@@@@@@@@@@@@@@@@@@X@[0;30;5;40;100mX[0;35;5;40;100m:[0;1;30;90;47m8[0;1;37;97;47m [0;1;30;90;47m8[0;1;37;97;47m   [0;1;34;94;47mX[0;1;30;90;47mX[0;37;5;40;100mt[0;1;30;90;47m;t[0;1;37;97;47m                [0;1;33;93;47mS[0;1;37;97;47m  %[0;37;5;47;107m8[0;1;30;90;43m8[0;1;30;90;40m8@@@@@@@@X@@@@@@@@@X@@@@@[0m
[0;1;30;90;40m@@@X@@@@@@@@@@@@X@@@@@X@@[0;30;5;40;100m88[0;1;30;90;40m8@@@@@@X@@@@@X@@@@@X@@@@XXX@8[0;30;5;40;100mX[0;31;5;40;100mS[0;33;5;40;100m.[0;1;30;90;47m8;.[0;1;37;97;47m:;t::;[0;37;5;47;107m8[0;1;37;97;47m%[0;37;5;47;107m8[0;1;37;97;47m8@ [0;1;30;90;47mS%[0;1;37;97;47m .:[0;1;33;93;47m%[0;1;37;97;47m.:[0;1;33;93;47mS[0;1;37;97;47m .[0;1;33;93;47mS[0;1;37;97;47m [0;1;33;93;47mS[0;1;37;97;47m  ;[0;1;37;97;5;43;103m8[0;1;37;97;47m.[0;37;43m8[0;1;30;90;41m8[0;34;40m%[0;1;30;90;40m8@@@X@@@@@@@@@@@X@@@@@X@[0m
[0;1;30;90;40m@@@@@@@@@@@@@@@@@@@@X@[0;33;5;40;100m [0;1;37;97;47mt88[0;37;5;47;107m88[0;1;37;97;47m;[0;33;5;40;100m [0;1;30;90;40m@@X@@@@@@@@@@@X@@X8[0;30;5;40;100mX[0;33;5;40;100m:[0;37;5;40;100mX[0;1;30;90;47mX:[0;1;37;97;47m:t%%;:....%SXt[0;1;30;90;47m;8[0;37;5;40;100m8[0;1;30;90;47m8@[0;1;37;97;47m @[0;37;5;47;107m8[0;1;37;97;47m  [0;1;33;93;47mX[0;1;37;97;47m [0;1;33;93;47mS[0;1;37;97;47m  [0;1;33;93;47mS[0;1;37;97;47m  ..[0;1;33;93;47mS[0;37;5;47;107m8[0;1;33;93;47m%[0;1;31;91;47mX[0;1;30;90;41m8[0;30;41m8[0;1;30;90;40m@8@@@@@@@@@@@@@@X@@@@@@@@@[0m
[0;1;30;90;40m@@@@@@@@X@@@@X@@@@@@X[0;37;5;40;100m8[0;37;5;47;107mt8[0;1;37;97;47m@X@8[0;37;5;47;107m88[0;37;5;40;100mX[0;1;30;90;40mX@@@@@X@@@@@@@X[0;30;5;40;100m@[0;33;5;40;100m [0;1;30;90;47m:[0;1;37;97;47m;%S%%;;[0;1;33;93;47mS[0;1;37;97;47m [0;1;33;93;47m%[0;1;37;97;47m [0;1;33;93;47mS[0;1;37;97;47m .   [0;1;30;90;47mX8888[0;33;47m8[0;37;5;40;100m;[0;33;5;40;100m:[0;37;5;40;100m;[0;1;30;90;47m88[0;1;37;97;47m 8[0;1;30;90;47mt8[0;1;33;93;47m%[0;1;37;97;47m .[0;1;33;93;47mS[0;1;37;97;47m.[0;37;5;43;103m8[0;37;5;47;107m88[0;1;33;93;47m@[0;35;41m8[0;31;5;40;100m8[0;1;30;90;40m@88@@@@@@@X@@@X@@@@@@@@@X@@@[0m
[0;1;30;90;40m@@@@@X@@@@@X@@@@@@XX[0;30;5;40;100mX[0;37;5;47;107m8S[0;1;37;97;47m@X@@X8[0;37;5;47;107m88[0;37;5;40;100m8[0;1;30;90;40m8@@XX88@XX@[0;30;5;40;100m8[0;33;5;40;100mt[0;37;5;40;100m8[0;1;30;90;47m;[0;1;37;97;47m [0;33;47mS[0;1;37;97;47m [0;1;33;93;47mS[0;1;37;97;47m [0;1;33;93;47mS[0;1;37;97;47m [0;1;33;93;47mX[0;1;37;97;47m  [0;1;33;93;47mS[0;1;37;97;47m [0;1;33;93;47mS[0;1;30;90;47mX[0;1;33;93;47m%[0;33;47mS[0;1;33;93;47mX[0;1;30;90;47m8[0;33;47m88[0;37;5;40;100m:[0;33;47m8[0;1;30;90;43m8[0;1;30;90;47m8[0;33;47m8[0;1;30;90;47m8[0;1;33;93;47mX[0;1;30;90;47m8[0;1;30;90;41m8[0;33;5;40;100m;:[0;1;30;90;47m8[0;1;37;97;47m t[0;1;30;90;47mX[0;1;33;93;47mS[0;1;37;97;47m [0;37;5;47;107m8[0;1;37;97;47m. [0;37;5;41;101m8[0;1;30;90;43m8[0;1;30;90;41m@[0;1;30;90;40m8[0;32;40mS[0;1;30;90;40m8@@XXXXXX@@@@@@@@@@@@@@@@@@@[0m
[0;1;30;90;40m@@@X@@@@@@@@@@@@X@@@[0;30;5;40;100m@[0;1;37;97;47m@[0;37;5;47;107mt8[0;1;37;97;47mX@8[0;37;5;47;107m8[0;1;37;97;47m8[0;37;5;47;107m888[0;1;30;90;47m.[0;30;5;40;100m8[0;31;5;40;100mX[0;33;5;40;100m; [0;37;5;40;100m8[0;33;5;40;100m%%[0;31;5;40;100m8[0;33;5;40;100mX:[0;37;5;40;100m@[0;1;30;90;47m88[0;37;43m8[0;1;30;90;47m8[0;33;47m8[0;1;30;90;47m88[0;33;47m8[0;1;30;90;47m8[0;1;30;90;43m8[0;1;30;90;47m8[0;33;47m88[0;1;30;90;47m8[0;33;47m8[0;1;30;90;47m8[0;1;30;90;43m8[0;35;47m8[0;37;43m8[0;35;47m8[0;33;47m8[0;1;30;90;47m8[0;1;33;93;47mS[0;35;47mS[0;1;33;93;47mS[0;35;47mX[0;33;47m8[0;1;31;91;47m@[0;1;30;90;47m8[0;1;30;90;43m8[0;35;5;40;100m%[0;33;5;40;100mt.:;[0;35;5;40;100mt[0;1;30;90;47m8[0;1;37;97;47m.[0;37;5;47;107m8[0;1;30;90;47m8[0;31;43m8[0;1;30;90;41m8@[0;1;30;90;40m8888[0;30;5;40;100m@[0;34;5;40;100mX[0;33;5;40;100m;[0;36;5;40;100m [0;1;30;90;47mS:[0;1;37;97;47m;@@[0;1;30;90;47mS[0;33;5;40;100m:[0;1;30;90;40mX@@@@@@X@@@@X@@@@@[0m
[0;1;30;90;40m@@@@@@@@@@@@@@@@@@@@X[0;33;5;40;100m%[0;1;37;97;47m8[0;37;5;47;107m%[0;1;37;97;47m8@@8[0;37;5;47;107m8[0;1;37;97;47m8[0;37;5;47;107m8[0;1;37;97;47m%[0;37;5;40;100m@[0;33;5;40;100m [0;1;30;90;47m@88[0;1;30;90;43m8[0;35;5;40;100m [0;31;5;40;100m8[0;33;5;40;100mt[0;37;5;40;100m%[0;1;30;90;47mX[0;33;47mX[0;1;33;93;47mS[0;1;30;90;47mX[0;1;37;97;47m [0;1;33;93;47mS[0;1;30;90;47m@[0;1;33;93;47mS[0;1;30;90;47m8[0;1;37;97;47m [0;1;33;93;47mS[0;1;37;97;47m [0;33;47m8[0;31;45m8[0;33;5;40;100mt.[0;33;47mS[0;1;37;97;47m  [0;1;33;93;47m%[0;1;30;90;47m@[0;1;37;97;47m [0;1;33;93;47mS[0;1;35;95;47mS[0;33;47m@[0;1;33;93;47mS[0;35;47mX[0;33;47m8@[0;1;30;90;47m8[0;1;31;91;47m8[0;1;30;90;47m8[0;1;30;90;43m8[0;35;5;40;100m.[0;37;43m8[0;35;41m8[0;33;5;40;100m%tt[0;35;5;40;100m@[0;1;30;90;47mX[0;37;5;47;107m%[0;1;37;97;47m;[0;1;30;90;40m8[0;31;40m%[0;30;5;40;100mS[0;35;5;40;100m [0;1;30;90;47mt[0;1;37;97;47m%[0;37;5;47;107m8t. ::::[0;1;37;97;47m@[0;31;5;40;100mS[0;1;30;90;47mt[0;36;5;40;100m;[0;31;40m%[0;1;30;90;40m8@@X@@@@@@@@@@@@[0m
[0;1;30;90;40m@@@@@@@@X@@@@X@@@@@@X[0;34;40m%[0;33;5;40;100m.[0;1;37;97;47m8[0;37;5;47;107mt8[0;1;37;97;47mX@8%[0;1;30;90;47mX[0;33;5;40;100m [0;1;30;90;47mS[0;33;47m8[0;1;30;90;47m8[0;1;30;90;43m8[0;1;30;90;47m888@;[0;1;33;93;47mS[0;1;30;90;47mt[0;1;37;97;47m [0;1;33;93;47mS[0;1;37;97;47m [0;1;33;93;47mX[0;1;30;90;47mX[0;1;37;97;47m  [0;1;33;93;47mX[0;1;35;95;47m%[0;1;33;93;47mX[0;35;47mX[0;33;47m8@[0;33;5;40;100m [0;33;47m8[0;1;35;95;47m%[0;1;33;93;47mX[0;35;47mS[0;1;37;97;47m [0;1;33;93;47mX[0;1;37;97;47m [0;33;47mX[0;1;33;93;47mS[0;1;35;95;47m%[0;33;47mX[0;1;33;93;47mX[0;35;47m8[0;37;43m8[0;1;30;90;47m8[0;37;43m8[0;35;5;40;100m:[0;33;5;40;100m: .@[0;1;30;90;41m8[0;31;5;40;100mX[0;33;5;40;100m;[0;1;30;90;43m8[0;35;5;40;100m;[0;1;30;90;47mS[0;37;5;47;107m8[0;1;30;90;47m@[0;1;37;97;47m.[0;37;5;47;107m%:::;:::::;:[0;1;37;97;47m:[0;32;40mt[0;35;5;40;100m;[0;1;30;90;47m%[0;30;5;40;100m8[0;1;30;90;40mX@@@@@@@X@@@@X@@[0m
[0;1;30;90;40m@@@@@X@@@@@X@@@@@@@@@8@[0;30;5;40;100m8[0;1;30;90;47m%[0;37;5;47;107m%S[0;1;37;97;47mX[0;1;30;90;47m8[0;33;5;40;100m:[0;33;47m@[0;1;30;90;47m@[0;33;47m8[0;1;30;90;47m8[0;1;30;90;43m8[0;1;30;90;47m8[0;33;47m8[0;1;30;90;47m@[0;1;33;93;47mS[0;1;30;90;47m%[0;1;33;93;47mS[0;1;30;90;47mX[0;1;37;97;47m [0;1;33;93;47mX[0;1;30;90;47m8[0;1;37;97;47m [0;1;33;93;47mS[0;1;37;97;47m [0;1;33;93;47mX[0;1;35;95;47mS[0;1;33;93;47m@[0;1;30;90;47m8[0;33;47m@8[0;35;47m8[0;33;47m8[0;33;5;40;100m;[0;33;47mS[0;1;33;93;47m%[0;1;30;90;47m8[0;1;33;93;47mS[0;1;31;91;47mX[0;1;30;90;47m8[0;1;33;93;47mS[0;1;35;95;47mS[0;1;33;93;47m@[0;1;30;90;47m@[0;1;37;97;47m [0;33;47m88[0;35;47m8[0;1;31;91;43m8[0;1;30;90;47m8[0;33;5;40;100m%:[0;33;5;41;101mS[0;35;5;40;100m t [0;1;30;90;47m8[0;35;5;40;100m :[0;33;5;40;100m:[0;35;5;40;100m;:[0;1;30;90;47m:[0;37;5;47;107m::::......;tS[0;1;37;97;47m;[0;1;30;90;40m8[0;31;40m%[0;1;30;90;47m%[0;36;5;40;100m [0;1;30;90;40m8@@@@@@@@@@@@@@@[0m
[0;1;30;90;40m@@@X@@@@@@@@@@@@@X@@@@@XX[0;37;5;40;100mX[0;1;37;97;47m@[0;33;5;40;100m [0;1;30;90;47m8[0;33;47m8[0;1;30;90;47m8[0;33;47m8[0;37;5;40;100m;[0;33;5;40;100mt[0;1;30;90;47m8[0;33;47mS[0;1;37;97;47m [0;1;33;93;47mS[0;1;37;97;47m [0;1;33;93;47mS[0;1;30;90;47mX[0;1;37;97;47m [0;1;33;93;47mX[0;1;35;95;47mS[0;1;33;93;47mX[0;1;30;90;47m8[0;1;37;97;47m [0;1;31;91;47mX[0;1;33;93;47m%[0;33;47mX[0;1;30;90;47m8[0;1;31;91;47m@[0;33;47m@88[0;1;30;90;45m8[0;33;47m8[0;1;37;97;47m [0;1;31;91;47mS[0;33;47mX[0;1;30;90;47m8[0;33;47m@[0;1;37;97;47m [0;1;33;93;47mX[0;1;30;90;47m8[0;1;37;97;47m [0;1;33;93;47mX[0;1;31;91;47m@[0;1;30;90;47m8[0;33;47m88[0;1;30;90;47m8[0;33;5;40;100m.%[0;35;5;40;100m:[0;37;5;40;100mS[0;33;5;40;100m:[0;1;30;90;47mS88t S88[0;1;37;97;47m [0;37;5;47;107mt:;:;;%S@88[0;1;37;97;47m8@%[0;33;5;40;100mt[0;34;40m;[0;37;5;40;100m@[0;1;30;90;47m@[0;1;30;90;40mXX@@@@X@@@@@@@@@[0m
[0;1;30;90;40m@@@@@@@@@@@@@@@X@@@@@@@@@[0;31;40mS[0;33;5;40;100m%[0;37;5;40;100mX[0;1;30;90;47m8[0;1;30;90;43m8[0;1;30;90;47m8[0;33;5;40;100m.[0;1;30;90;43m8[0;1;30;90;47m8[0;1;33;93;47mS[0;1;35;95;47mS[0;1;33;93;47m8[0;35;47mX[0;1;33;93;47mS[0;1;35;95;47mS[0;1;33;93;47mX[0;1;37;97;47m [0;33;47mX@[0;1;37;97;47m [0;1;33;93;47mX[0;1;31;91;47mS[0;1;30;90;47m8[0;33;47m@[0;35;47m@[0;33;47m88[0;35;47m8[0;33;47m8[0;1;31;91;47m8[0;1;30;90;43m8[0;1;30;90;47m8[0;33;47m8[0;1;30;90;47m8[0;1;31;91;47m8[0;33;47m8[0;1;30;90;47m8[0;1;33;93;47m%[0;1;35;95;47mX[0;1;33;93;47m8[0;35;47m8[0;33;47m8[0;1;30;90;47m8[0;37;43m8[0;35;47m8[0;37;43m8[0;1;30;90;47m8[0;1;31;91;43m8[0;35;5;40;100mS[0;33;5;40;100mt%[0;35;5;40;100mt[0;1;30;90;47mX88@[0;1;37;97;47m;St:[0;1;30;90;47m%[0;37;5;47;107m8[0;1;37;97;47m@[0;37;5;47;107m8[0;1;37;97;47m888@@@XXXXX[0;1;30;90;47mS[0;1;30;90;40m8[0;37;5;40;100m@[0;1;30;90;47m@[0;1;30;90;40mX@@@X@@@@@@X@@@@[0m
[0;1;30;90;40m@@@@@@@@X@@@@X@@@@@@@@@X8[0;33;5;40;100m%.[0;1;30;90;47m8[0;1;30;90;43m8[0;1;30;90;47m8[0;33;5;40;100mt[0;1;30;90;47m8[0;1;31;91;47m@[0;1;30;90;47m8[0;33;47m@@[0;1;37;97;47m [0;1;33;93;47mS[0;1;30;90;47m8[0;1;33;93;47mS[0;1;30;90;47m8[0;1;33;93;47mX[0;35;47m8[0;33;47m8[0;1;31;91;47m@[0;1;30;90;47m8[0;33;47m88[0;1;31;91;47m8[0;33;47m8[0;1;30;90;47m8[0;33;47m8[0;1;31;91;43m8[0;1;30;90;47m8[0;37;5;40;100m%[0;33;5;40;100m.[0;33;47m8[0;1;31;91;47m8[0;1;30;90;47m8[0;1;30;90;43m8[0;1;30;90;47m8[0;1;31;91;47mX[0;33;47m@[0;1;30;90;43m8[0;1;30;90;47m8[0;33;47m8[0;1;31;91;47m8[0;33;47m8[0;1;30;90;47m8[0;1;31;91;43m8[0;1;30;90;47m88[0;35;5;40;100mS[0;33;5;40;100mX[0;35;5;40;100m;[0;31;5;40;100mX[0;37;5;40;100m8[0;1;30;90;47m888888S%[0;37;5;40;100m8[0;1;30;90;47m;[0;1;37;97;47m%%SSX@X@@88[0;37;5;47;107m888[0;1;37;97;47mt%[0;33;5;40;100m:[0;1;30;90;40mX@@@@@@@@@@@@@X@[0m
[0;1;30;90;40m@@@@@X@@@@@X@@@@@@@@X@@X[0;31;5;40;100mX[0;33;5;40;100m.;.[0;1;30;90;47m8[0;1;30;90;41m8[0;1;30;90;47m8[0;1;30;90;43m8[0;1;30;90;47m8[0;33;47m8[0;35;47m@[0;1;33;93;47mS[0;35;47mS[0;1;37;97;47m [0;1;33;93;47mX[0;35;47m8[0;33;47m@[0;1;31;91;47m8[0;33;47m8[0;1;30;90;47m8[0;33;47m88[0;35;47m8[0;33;47m8[0;1;30;90;47m8[0;33;47m8[0;37;5;41;101m8[0;1;30;90;47m88[0;33;47m8[0;33;5;40;100m.[0;1;30;90;43m8[0;35;47m@[0;37;43m8[0;1;30;90;47m8[0;33;47m@8[0;1;30;90;47m8[0;33;47m8[0;35;47m8[0;33;47m88[0;1;30;90;47m8[0;1;30;90;43m8[0;35;47m@[0;1;30;90;47m8[0;33;47m8[0;1;30;90;43m8[0;35;5;40;100m%[0;33;5;40;100mSt[0;35;5;40;100m%[0;1;30;90;47m88888888[0;35;5;40;100m.[0;37;5;40;100mS8[0;1;37;97;47m;%%%SX@8[0;37;5;47;107m888[0;1;37;97;47m88S[0;1;30;90;47m.[0;33;5;40;100m [0;1;30;90;40m8@@@@@@@@X@@@@@@@[0m
[0;1;30;90;40m@@@X@@@@@@@@@@@@@@X@@@X8[0;33;5;40;100m%::[0;1;30;90;43m8[0;35;5;40;100m:[0;33;47m88[0;35;47m8[0;33;47m88[0;1;37;97;47m [0;1;33;93;47mSS[0;35;47m@[0;33;47m88[0;1;30;90;47m8[0;33;47m8[0;1;30;90;47m8[0;33;5;41;101m%[0;1;30;90;47m@[0;33;47m88[0;1;31;91;47m8[0;33;47m8[0;1;30;90;47m8[0;33;5;40;100m [0;33;47m8[0;1;30;90;47m8[0;37;43m8[0;35;47m8[0;33;5;40;100mX:[0;33;47m8[0;1;30;90;45m8[0;33;47m8[0;1;31;91;47m8[0;1;30;90;47m8[0;37;43m8[0;33;47m8[0;1;31;91;47m8[0;1;30;90;47m8[0;33;47m8[0;35;47m8[0;37;43m@[0;33;47m8[0;35;47m8[0;1;30;90;43m8[0;35;5;40;100mt[0;33;5;40;100mtS[0;35;5;40;100m:[0;1;30;90;47mX88[0;36;5;40;100mt[0;1;30;90;47m88[0;37;5;40;100m;[0;1;30;90;47m@[0;37;5;47;107m8[0;1;37;97;47mSS[0;1;30;90;47m;;[0;1;37;97;47m.:.. [0;1;30;90;47m:;@[0;37;5;40;100m8[0;33;5;40;100m.[0;30;5;40;100m88[0;1;30;90;40m@8@@@@@@@@@@@@@@@@@[0m
[0;1;30;90;40m@@@@@@@@@@@@@@@@X@@@@X8[0;33;5;40;100m%tt[0;31;5;40;100m@[0;35;5;40;100m [0;33;47m8[0;35;47m8[0;37;43m8[0;33;47m8[0;35;47m8[0;1;33;93;47m@[0;35;47mX[0;1;37;97;47m [0;1;31;91;47m8[0;33;47m8[0;1;30;90;47m8[0;37;5;41;101m8[0;1;30;90;47m8[0;33;47m8[0;1;30;90;47m8@[0;33;47m8[0;1;30;90;47m8[0;1;30;90;43m8[0;1;30;90;47m8[0;33;47m88[0;1;30;90;47m8[0;1;31;91;43m8[0;1;30;90;47m8[0;35;5;40;100mt[0;1;30;90;43m8[0;35;5;40;100m;[0;33;5;40;100mSt[0;1;30;90;43m8[0;35;5;40;100m:[0;33;5;40;100m;[0;1;30;90;43m8[0;37;45m8[0;1;30;90;43m8[0;37;5;40;100m;[0;1;30;90;43m8[0;35;47m8[0;1;30;90;43m8[0;1;30;90;47m8[0;1;31;91;43m8[0;1;30;90;47m8[0;35;5;40;100m%[0;1;30;90;43m8[0;35;5;40;100m%[0;31;5;40;100mS[0;1;30;90;47mS888[0;37;5;40;100m:[0;36;47m8[0;1;30;90;47m8[0;1;37;97;47m [0;37;5;47;107m888[0;1;37;97;47m%.[0;37;5;40;100mt[0;1;30;90;47m88%[0;1;37;97;47m [0;1;36;96;47m%[0;1;37;97;47m  [0;36;47mX[0;1;30;90;47mS[0;1;37;97;47m [0;1;30;90;47m8[0;34;5;40;100mS[0;1;30;90;40m@@@@@@@X@@@@@@X@@@@[0m
[0;1;30;90;40m@@@@@@@@X@@@@@X@@@@@X[0;30;5;40;100m@[0;35;5;40;100m%[0;33;5;40;100mX[0;35;5;40;100mX[0;31;5;40;100m8[0;33;5;40;100mt[0;1;30;90;47m8[0;33;47m8[0;1;30;90;43m8[0;35;47m8[0;33;47m88[0;35;47mX[0;1;33;93;47mX[0;1;30;90;47m8[0;33;47m8[0;35;5;40;100m [0;33;47m8[0;1;30;90;47m8[0;37;43m8[0;1;31;91;47m8[0;37;43m8[0;1;30;90;47m8[0;1;31;91;43m8[0;1;30;90;47m88[0;1;31;91;47m8[0;1;30;90;47m8[0;33;5;41;101mS[0;1;30;90;47m8[0;37;5;40;100m%[0;33;5;40;100m;:[0;35;5;40;100m.[0;1;30;90;43m8[0;1;30;90;45m8[0;33;5;40;100mX[0;35;5;40;100m;[0;1;30;90;43m8[0;1;30;90;45m8[0;37;43m8[0;33;5;40;100m:[0;37;5;40;100m:[0;33;47m8[0;1;30;90;45m8[0;1;30;90;43m8[0;37;5;40;100m.[0;33;5;40;100m.[0;37;5;40;100m;[0;1;30;90;43m8[0;35;5;40;100m:[0;33;5;40;100m:%[0;31;5;40;100m8[0;34;5;40;100mS[0;30;5;40;100m8[0;34;5;40;100m8[0;1;37;97;47m ;[0;37;5;47;107m88888[0;1;37;97;47m:[0;37;5;47;107m8[0;1;30;90;47m8[0;36;47m88[0;1;34;94;47m8[0;1;36;96;47mX[0;1;37;97;47m [0;1;36;96;47mS%[0;1;37;97;47m [0;1;36;96;47mX[0;1;30;90;47m8[0;1;37;97;47m%;[0;1;36;96;47mS[0;37;5;40;100mS[0;1;30;90;40m@@@@@@@@@@X@@@@@@@[0m
[0;1;30;90;40m@@@@@X@@@@@X@@@@@@@X[0;36;5;40;100mS[0;1;30;90;47m8[0;36;5;40;100mt[0;35;5;40;100m%[0;33;5;40;100m8S[0;37;5;40;100m%[0;33;47m8[0;35;47m8[0;33;47m88[0;35;47m8[0;33;47m8@[0;35;47mX[0;33;47m8[0;1;31;91;47m8[0;1;30;90;47m8[0;33;47m8[0;1;30;90;43m8[0;35;47m8[0;33;47m8[0;37;5;40;100m:[0;33;47m@[0;1;30;90;47m8[0;33;47m88[0;1;30;90;47m8[0;1;30;90;43m8[0;1;30;90;47m8[0;33;5;40;100m.::[0;1;30;90;43m8[0;37;45m8[0;1;30;90;43m8[0;35;5;40;100m [0;33;5;40;100mt[0;35;5;40;100mS[0;1;30;90;43m8[0;37;5;40;100m;[0;35;5;40;100m:[0;1;30;90;43m8[0;1;30;90;45m8[0;1;30;90;43m8[0;33;5;40;100m..[0;1;31;91;43m8[0;1;30;90;47m8[0;35;5;40;100mt[0;33;5;40;100m.t[0;35;5;40;100m%[0;33;5;40;100m%%[0;31;40m@[0;34;40m%[0;37;5;40;100m@[0;37;5;47;107m88[0;1;37;97;47m:[0;37;5;47;107m88888[0;1;30;90;47m8[0;37;46m8[0;1;34;94;47m8[0;36;47m@@[0;1;34;94;47m@[0;1;36;96;47mS[0;1;35;95;47mS[0;1;36;96;47m@[0;1;37;97;47m [0;1;34;94;47m@[0;1;36;96;47mX[0;1;37;97;47m ;[0;37;5;47;107m8[0;1;37;97;47m:[0;36;47m@[0;34;5;40;100m8[0;1;30;90;40mX@X@@@@@@@@@@@X@[0m
[0;1;30;90;40m@@@X@@@@@@@@@@@@@@X[0;34;5;40;100mX[0;1;30;90;47mt[0;36;47m@[0;1;30;90;47m8[0;1;30;90;46m8[0;35;5;40;100mX[0;33;5;40;100m [0;33;47m@8[0;37;43m8[0;35;47m8[0;1;31;91;43m8[0;1;30;90;47m8[0;33;47m8[0;1;31;91;47m8[0;33;47m8[0;1;30;90;47m8[0;1;30;90;43m8[0;1;30;90;47m8[0;1;31;91;47m8[0;1;30;90;47m8[0;1;30;90;43m8[0;1;30;90;47m8[0;33;47m8[0;35;47m8[0;37;43m8[0;1;30;90;45m8[0;37;43m8[0;35;5;40;100mt[0;33;5;40;100m :[0;1;30;90;43m8[0;1;30;90;47m8[0;35;5;40;100m;[0;1;30;90;43m8[0;35;5;40;100m. [0;37;43m8[0;1;30;90;45m8[0;1;30;90;43m8[0;35;5;40;100m8[0;1;30;90;43m8[0;35;5;40;100m%[0;33;5;40;100m;t[0;35;5;40;100m:[0;1;30;90;43m8[0;1;30;90;45m8[0;37;5;40;100mS[0;33;5;40;100mSt:[0;1;30;90;43m8[0;35;5;40;100mX[0;33;5;40;100mX[0;35;5;40;100mt[0;33;5;40;100mX[0;31;40mS[0;1;30;90;47m8[0;37;5;47;107m88888888[0;1;30;90;47m8[0;1;34;94;47m8[0;36;47mX[0;1;34;94;47mX[0;36;47m@X[0;1;34;94;47m@[0;1;36;96;47mX[0;1;35;95;47mS[0;1;36;96;47m@[0;35;47mX[0;1;36;96;47mX%[0;1;37;97;47m [0;1;36;96;47mS[0;37;5;47;107m8[0;1;37;97;47m::[0;36;5;40;100m@[0;1;30;90;40m@@@@@X@@@@@X@@@[0m
[0;1;30;90;40m@@@@@@@@@@@@@@@@@@[0;30;5;40;100mS[0;36;5;40;100m.[0;36;47m@8[0;1;30;90;44m8[0;35;5;40;100m.[0;1;30;90;47m88[0;37;43m8[0;37;45m8[0;37;43m8[0;1;30;90;47m88[0;37;43m8[0;1;30;90;47m8[0;33;5;40;100m.[0;33;47m8[0;1;30;90;47m8[0;1;31;91;47m8[0;1;30;90;47m8[0;1;30;90;43m8[0;1;30;90;47m88[0;33;5;41;101mS[0;1;30;90;47m8[0;1;30;90;43m8[0;35;5;40;100m [0;1;30;90;43m8[0;1;30;90;45m8[0;1;30;90;43m8[0;1;30;90;47m8[0;33;5;40;100m;[0;1;30;90;45m8[0;1;30;90;43m8[0;1;30;90;47m8[0;1;30;90;45m8[0;1;30;90;43m8[0;37;45m8[0;1;30;90;43m8[0;31;5;40;100mX[0;33;5;40;100m%;[0;35;5;40;100m;[0;1;30;90;43m8[0;35;5;40;100m;[0;33;5;40;100mX[0;1;30;90;41m8[0;35;5;40;100m:[0;1;30;90;43m8[0;35;5;40;100m.[0;33;5;40;100m;[0;35;5;40;100m;[0;1;30;90;43m8[0;1;30;90;45m8[0;1;30;90;43m8[0;35;5;40;100mS[0;33;5;40;100mX[0;35;5;40;100m:[0;30;5;40;100m8[0;37;5;40;100m@[0;37;5;47;107m8SSS8888[0;37;46m8[0;36;47mX@@[0;1;34;94;47mX[0;36;47m@@[0;1;34;94;47m@[0;1;36;96;47m@[0;1;35;95;47m%[0;1;36;96;47m8[0;1;35;95;47mS[0;1;36;96;47mX[0;1;37;97;47m [0;1;36;96;47mX[0;1;37;97;47m  :[0;1;36;96;47mS[0;35;5;40;100m;[0;36;5;40;100m;[0;34;5;40;100m8[0;32;40mt[0;1;30;90;40m8@@@@@@@@@@[0m
[0;1;30;90;40m@@@@@@@@X@@@X@@X@@[0;30;5;40;100m8[0;36;5;40;100m;[0;36;47m8[0;36;5;44;104mX[0;35;5;40;100m [0;33;5;40;100m [0;37;5;40;100m@[0;37;43m8[0;1;30;90;47m8[0;1;30;90;43m8[0;35;47m8[0;1;30;90;43m8[0;1;30;90;47m8[0;33;47m8[0;1;31;91;47m8[0;1;30;90;47m8[0;37;43m8[0;35;5;40;100m [0;33;47m8[0;33;5;40;100m.[0;1;30;90;47m8[0;33;5;41;101m@[0;1;30;90;47m8[0;33;5;40;100m  [0;1;30;90;47m8[0;1;30;90;43m8[0;35;47m8[0;1;30;90;43m8[0;35;5;40;100m [0;1;30;90;43m8[0;35;5;40;100m.[0;37;43m8[0;1;30;90;45m8[0;1;30;90;43m88[0;1;30;90;47m8[0;33;41m8[0;35;5;40;100m%[0;33;5;40;100m%[0;35;5;40;100m;[0;33;5;40;100mt:[0;35;5;40;100m.[0;1;30;90;43m8[0;1;30;90;45m8[0;33;5;40;100m;;[0;35;5;40;100mt[0;33;5;40;100m@[0;31;5;40;100mS[0;33;5;40;100m;[0;35;5;40;100m:[0;1;30;90;43m8[0;35;5;40;100m;[0;33;5;40;100m@[0;35;5;40;100mS[0;33;5;40;100mX[0;31;5;40;100mX[0;35;5;40;100m.[0;37;5;47;107m8@t;%S8[0;1;37;97;47m [0;37;45m8[0;1;34;94;47m8[0;36;47m@[0;1;34;94;47mX[0;1;36;96;47m@[0;1;34;94;47m@[0;36;47mX@[0;1;34;94;47m8[0;1;30;90;46m8[0;1;37;97;47m [0;1;36;96;47m@[0;1;35;95;47mS[0;37;5;46;106m8[0;1;35;95;47mS[0;37;5;46;106m8[0;1;37;97;47m [0;1;36;96;47mX[0;1;37;97;47m [0;36;5;44;104mS[0;1;30;90;47m.8[0;34;5;40;100mS[0;1;30;90;40mX@@@@X@@@@@[0m
[0;1;30;90;40m@@@@@X@@@@@@@@@@@X[0;36;5;40;100m;[0;1;30;90;47m8[0;37;5;40;100m;[0;1;30;90;47m8[0;35;5;40;100m;[0;33;5;40;100m.:.[0;33;47m8[0;1;30;90;45m8[0;33;47m88[0;35;5;41;101m8[0;1;30;90;47m8[0;1;30;90;43m8[0;37;5;40;100m:[0;1;30;90;47m8[0;33;5;41;101m8[0;35;5;40;100m [0;33;5;40;100m..[0;37;5;40;100m%[0;33;5;40;100m; [0;1;30;90;43m8[0;1;30;90;45m8[0;33;47m8[0;33;5;40;100mt[0;1;30;90;47m8[0;33;5;40;100m;[0;35;47m8[0;1;30;90;43m8[0;35;5;40;100m:[0;37;43m8[0;1;30;90;45m8[0;33;5;40;100m;[0;31;5;40;100mS[0;33;5;40;100m.;:;:[0;1;30;90;43m8[0;35;47m8[0;33;5;40;100m;[0;1;30;90;43m8[0;37;5;40;100m;[0;33;5;40;100m;t[0;35;5;40;100m:[0;33;5;40;100mt%[0;35;5;40;100mX[0;33;5;40;100m%:tX[0;35;5;40;100m%[0;33;5;40;100m%[0;35;5;40;100mX[0;1;30;90;47mt[0;37;5;47;107m8Xt%%X[0;1;37;97;47m [0;37;46m8[0;1;36;96;47m@[0;1;34;94;47mX[0;36;47m@[0;1;30;90;47m8[0;1;36;96;47m@[0;1;34;94;47m8[0;1;30;90;47m8[0;1;30;90;46m8[0;35;47mS[0;1;34;94;47m8[0;1;36;96;47m@[0;1;34;94;47mX[0;1;37;97;47m [0;1;36;96;47mS[0;1;37;97;47m [0;1;36;96;47m%[0;1;37;97;47m  [0;36;47mX8X[0;1;37;97;47m [0;36;5;40;100mX[0;34;40mX[0;1;30;90;40m8@@@@@@@@[0m
[0;1;30;90;40m@@@X@@@@@@@@@@@@@X[0;35;5;40;100m [0;1;30;90;47m;[0;1;30;90;44m8[0;30;5;40;100m8[0;33;5;40;100m..[0;33;47m8[0;35;5;40;100mt[0;1;30;90;43m8[0;33;5;40;100m.[0;1;30;90;43m8[0;37;5;40;100mt[0;33;5;40;100m [0;1;30;90;43m8[0;1;30;90;47m8[0;1;30;90;43m8[0;1;30;90;45m8[0;1;30;90;47m8[0;33;5;40;100mt[0;1;30;90;43m8[0;1;30;90;47m8[0;33;5;40;100m%.[0;33;47m8[0;35;5;40;100m [0;37;43m8[0;35;5;40;100mt[0;1;30;90;43m8[0;1;30;90;45m8[0;1;30;90;43m88[0;35;47m8[0;1;30;90;43m8[0;35;5;40;100m;[0;1;30;90;43m8[0;35;5;40;100m;[0;33;5;40;100m;:::[0;1;30;90;43m8[0;37;45m8[0;1;30;90;43m8[0;33;5;40;100m. [0;1;30;90;47m8[0;1;30;90;43m8[0;1;30;90;45m8[0;1;30;90;43m8[0;35;5;40;100m.[0;33;5;40;100m;;[0;1;30;90;43m8[0;1;30;90;45m8[0;1;30;90;43m8[0;35;5;40;100mt[0;33;5;40;100mS[0;31;5;40;100mS[0;33;5;40;100m%S[0;35;5;40;100m;[0;37;5;47;107m888XS8[0;1;37;97;47m [0;1;34;94;47m8[0;1;30;90;47m8[0;36;47m8[0;1;34;94;47mX[0;36;47m@[0;1;34;94;47m@[0;1;30;90;47m8[0;1;30;90;46m8[0;1;34;94;47mS[0;1;36;96;47m8[0;1;30;90;47m8[0;1;34;94;47m8[0;1;36;96;47m@[0;1;34;94;47m8X[0;1;36;96;47mS[0;1;34;94;47mS[0;37;5;46;106m8[0;1;37;97;47m [0;37;5;44;104m8[0;1;30;90;47m8[0;36;47m8[0;1;36;96;47mX[0;1;30;90;47m8[0;34;5;40;100m8[0;1;30;90;40mX@@@@@@X@[0m
[0;1;30;90;40m@@@@@@@@@X@@@@@@@@8@X[0;31;5;40;100mS[0;33;5;40;100m:;;[0;1;30;90;43m8[0;1;30;90;45m8[0;33;47m8[0;1;30;90;45m8[0;37;43m8[0;37;5;40;100m;;[0;1;30;90;43m8[0;35;47m8[0;1;30;90;43m8[0;33;5;40;100m;[0;35;5;40;100m .[0;1;30;90;43m8[0;1;30;90;45m8[0;37;43m8[0;1;30;90;45m8[0;37;43m8[0;35;5;40;100mt[0;1;30;90;43m8[0;35;47m8[0;1;30;90;43m8[0;1;30;90;47m8[0;35;5;40;100m;[0;1;30;90;43m8[0;1;30;90;45m8[0;33;5;40;100mX[0;35;5;40;100m;[0;1;30;90;43m8[0;37;5;40;100m;[0;1;30;90;43m8[0;1;30;90;47m8[0;35;5;40;100m;[0;1;30;90;43m8[0;35;5;40;100m. [0;37;43m8[0;1;30;90;45m8[0;1;30;90;43m8[0;35;5;40;100mt[0;1;30;90;43m8[0;35;5;40;100m:[0;33;5;40;100m:[0;1;30;90;43m8[0;37;45m8[0;1;30;90;43m8[0;37;5;40;100mt;[0;33;5;40;100m;t[0;35;5;40;100m%[0;33;5;40;100mX[0;35;5;40;100mS[0;31;5;40;100m%[0;1;30;90;47m8[0;1;37;97;47mt[0;37;5;47;107m8888[0;1;37;97;47m [0;1;30;90;46m8[0;1;36;96;47mS[0;1;34;94;47m@[0;36;47m@8[0;36;5;40;100m:[0;1;34;94;47m8[0;36;47mXX[0;1;34;94;47m@[0;36;47m@@[0;1;34;94;47m@[0;36;47m@[0;1;34;94;47mXX[0;1;36;96;47mS[0;1;35;95;47m8[0;37;5;44;104m8[0;1;30;90;46m8[0;36;47mX[0;1;34;94;47m@[0;36;47m@X[0;34;5;40;100m@[0;1;30;90;40m8@@@@X@@@[0m
[0;1;30;90;40m@@@@@@@@@@@@X@@X@@@X[0;30;5;40;100m8[0;33;5;40;100m::.[0;1;30;90;47m8[0;33;5;40;100m;[0;1;30;90;43m8[0;35;5;40;100m:[0;1;30;90;43m8[0;35;5;40;100m.[0;37;43m8[0;1;30;90;45m8[0;1;30;90;43m8[0;35;5;40;100m [0;33;5;40;100m.[0;33;47m8[0;35;5;40;100m:[0;33;47m8[0;1;30;90;45m8[0;37;43m8[0;33;5;40;100m:[0;1;30;90;43m8[0;35;5;40;100m:[0;1;30;90;47m8[0;1;30;90;43m8[0;35;5;40;100m.[0;33;47m8[0;31;45m8[0;1;30;90;43m8[0;35;5;40;100mt[0;1;30;90;43m8[0;35;5;40;100m.[0;33;5;40;100m:[0;37;5;40;100m.[0;33;47m8[0;1;30;90;45m8[0;1;30;90;43m8[0;35;5;40;100m.[0;35;47m8[0;1;30;90;43m8[0;1;30;90;45m8[0;1;30;90;43m8[0;33;5;40;100m ..[0;1;30;90;47m8[0;1;30;90;43m8[0;1;30;90;45m8[0;1;30;90;43m8[0;35;5;40;100m. [0;1;30;90;43m8[0;35;5;40;100m.[0;33;47m8[0;35;5;40;100mt[0;31;5;40;100m8[0;33;5;40;100mXS[0;1;30;90;47m@[0;1;37;97;47mt:[0;37;5;47;107m8888[0;1;37;97;47m [0;1;30;90;45m8[0;36;5;40;100m;.[0;36;47m8[0;1;34;94;47m8[0;36;47m@@[0;1;34;94;47mX[0;36;47m@X[0;1;34;94;47mX[0;36;47m@X[0;1;34;94;47mX[0;1;36;96;47m@[0;36;47m@[0;37;5;44;104m8[0;36;47m8[0;1;30;90;46m8[0;1;37;97;47m [0;1;34;94;47m8[0;36;47m@[0;1;34;94;47mX[0;36;47m@[0;37;5;40;100m%[0;1;37;97;47m;[0;35;5;40;100m:[0;1;30;90;40mX@@@@@@[0m
[0;1;30;90;40m@@@@@X@@@@@@@@@@@@@X[0;31;5;40;100mS[0;33;5;40;100m:.[0;1;30;90;43m8[0;35;5;40;100m.[0;1;30;90;43m8[0;37;45m8[0;1;30;90;43m8[0;1;30;90;45m8[0;33;5;40;100m.:[0;37;43m8[0;1;30;90;45m8[0;1;30;90;43m8[0;35;5;40;100m:[0;33;5;40;100m;[0;33;5;41;101m8[0;37;5;40;100m%[0;1;30;90;43m8[0;35;5;40;100m.[0;37;5;40;100m:[0;35;5;40;100m [0;1;30;90;43m8[0;1;30;90;45m8[0;1;30;90;43m8[0;1;30;90;45m8[0;1;30;90;43m8[0;33;5;40;100m:.: [0;1;30;90;43m8[0;35;5;40;100m.[0;1;30;90;43m8[0;1;30;90;45m8[0;1;30;90;43m8[0;1;30;90;47m8[0;1;30;90;43m8[0;35;5;40;100m;[0;1;30;90;43m8[0;1;30;90;47m8[0;33;5;40;100m:[0;37;43m8[0;1;30;90;45m8[0;1;30;90;43m8[0;1;30;90;45m8[0;1;30;90;43m8[0;1;30;90;47m8[0;35;5;40;100m:[0;1;30;90;43m8[0;35;47m8[0;1;30;90;43m8[0;1;30;90;45m8[0;1;30;90;43m8[0;33;5;40;100m t[0;31;5;40;100m8[0;1;30;90;47m@[0;1;37;97;47mX[0;37;5;47;107m8[0;1;37;97;47m;;[0;37;5;47;107m888[0;1;37;97;47m [0;1;30;90;46m8[0;1;36;96;47mS[0;1;34;94;47m@[0;36;47m@@[0;1;34;94;47m@[0;36;47mX[0;1;36;96;47m@[0;1;34;94;47m@[0;36;47mX[0;1;36;96;47m@[0;1;34;94;47m8[0;36;47mXX[0;1;34;94;47m@[0;36;47mXX[0;36;5;40;100m:[0;1;34;94;47mX[0;36;47m8@@[0;1;34;94;47mX[0;36;47m8[0;35;5;40;100m%[0;1;37;97;47mX%[0;30;5;40;100m8[0;1;30;90;40m@@@@@@[0m
[0;1;30;90;40m@@@X@@@@@X@@@@@@@@@X[0;31;5;40;100mS[0;33;5;40;100m;[0;37;5;40;100mS[0;1;30;90;43m8[0;35;47m8[0;1;30;90;43m8[0;35;5;40;100m.[0;37;5;40;100m;[0;1;30;90;43m8[0;1;30;90;47m8[0;1;30;90;43m8[0;1;30;90;45m8[0;1;30;90;43m8[0;37;5;40;100mt[0;33;5;40;100m:[0;37;5;40;100m:[0;1;30;90;47m8[0;33;5;40;100m:[0;1;30;90;47m8[0;1;30;90;43m8[0;1;30;90;45m8[0;33;47m8[0;35;5;40;100mt[0;1;30;90;43m8[0;37;5;40;100mt[0;33;5;40;100mt[0;35;5;40;100m;[0;33;5;40;100m;.[0;37;43m8[0;1;30;90;45m8[0;37;5;40;100mt[0;1;30;90;43m8[0;37;45m8[0;1;30;90;43m8[0;37;5;40;100m:[0;33;5;40;100m:[0;1;30;90;45m8[0;37;43m8[0;35;5;40;100m:[0;1;30;90;43m8[0;1;30;90;45m8[0;1;30;90;43m8[0;1;30;90;47m8[0;1;30;90;43m8[0;1;30;90;47m8[0;33;5;40;100mt[0;1;30;90;43m8[0;37;45m8[0;1;30;90;43m8[0;35;5;40;100m.[0;33;5;40;100m.[0;37;43m8[0;1;30;90;45m8[0;1;30;90;43m8[0;37;5;40;100mt[0;1;30;90;47m.[0;1;37;97;47m8X[0;37;5;47;107m88[0;1;37;97;47m .[0;37;5;47;107m88[0;1;37;97;47m [0;1;30;90;45m8[0;1;30;90;47m88[0;36;47m8[0;1;34;94;47m8[0;36;47mX[0;1;34;94;47mX[0;1;30;90;47m8[0;36;47m8[0;1;34;94;47m@[0;1;30;90;47m8[0;1;36;96;47m@[0;1;34;94;47m8[0;1;30;90;47m8[0;36;47m8[0;35;47m8[0;1;34;94;46m8[0;1;30;90;47mX[0;36;47m@[0;1;34;94;47mX[0;36;47m@[0;1;34;94;47m@[0;1;30;90;47m8X8[0;34;5;40;100mS[0;35;5;40;100m [0;30;5;40;100mS[0;1;30;90;40mX@@@@@[0m
[0;1;30;90;40m@@@@@@@@@@@@@@X@@@X[0;30;5;40;100m@[0;33;5;40;100m@;:[0;35;5;40;100m:[0;1;30;90;43m8[0;1;30;90;45m8[0;1;30;90;43m8[0;35;5;40;100m .[0;1;30;90;43m8[0;1;30;90;45m8[0;37;43m8[0;35;5;40;100m [0;33;5;40;100m.[0;1;30;90;43m8[0;1;30;90;45m8[0;1;30;90;43m8[0;35;5;40;100m [0;33;5;40;100m:[0;1;30;90;47m8[0;1;30;90;43m8[0;35;5;40;100m;[0;1;30;90;43m8[0;1;30;90;45m8[0;33;5;40;100mX;:[0;1;30;90;43m8[0;37;45m8[0;1;30;90;43m8[0;33;5;40;100m.[0;1;30;90;43m8[0;1;30;90;45m8[0;1;30;90;43m8[0;37;5;40;100m;[0;33;5;40;100m.[0;37;43m8[0;33;5;40;100m:.[0;33;47m8[0;1;30;90;45m8[0;37;43m8[0;35;5;40;100m.[0;37;43m8[0;1;30;90;45m8[0;1;30;90;43m8[0;1;30;90;45m8[0;1;30;90;43m8[0;33;5;40;100m [0;1;30;90;47m8[0;1;31;91;43m8[0;37;5;40;100mS[0;33;5;40;100m.[0;37;43m8[0;37;5;40;100mS[0;1;37;97;47m;88St[0;37;5;47;107m8[0;1;37;97;47m  [0;37;5;47;107m88[0;1;30;90;47m8[0;1;37;97;47m tS[0;1;30;90;47m.[0;1;30;90;40m8[0;1;30;90;44m8[0;34;5;40;100m88X[0;36;5;40;100mX[0;1;30;90;44m8[0;35;5;40;100m8[0;36;5;40;100m8[0;35;5;40;100m%[0;1;30;90;46m8[0;36;47m8[0;1;30;90;47m8[0;37;46m8[0;35;47m8[0;1;30;90;46m8[0;1;30;90;44m8[0;34;5;40;100m8[0;37;5;40;100mS[0;1;37;97;47m;[0;1;30;90;47mX[0;1;30;90;40mX8@@@@X@@[0m
[0;1;30;90;40m@@@@@@@X@@@@X@@@@@X[0;33;5;40;100mS[0;31;5;40;100mS[0;33;5;40;100mt:[0;35;5;40;100m:[0;33;5;40;100m:.[0;1;30;90;47m8[0;1;30;90;43m8[0;1;30;90;45m8[0;1;30;90;43m8[0;1;30;90;47m8[0;33;5;40;100m;[0;1;30;90;43m8[0;35;47m8[0;1;30;90;43m8[0;37;5;40;100m;[0;33;5;40;100m [0;37;43m8[0;1;31;91;45m8[0;1;30;90;43m8[0;35;5;40;100m.t[0;31;5;40;100mX[0;33;5;40;100mt:;[0;35;5;40;100m:[0;33;5;40;100m:[0;1;30;90;43m8[0;1;30;90;45m8[0;1;30;90;43m8[0;1;30;90;47m8[0;33;5;40;100m; [0;33;47m8[0;1;30;90;45m8[0;1;30;90;43m8[0;1;30;90;47m8[0;33;5;41;101m8[0;37;5;40;100mS[0;1;30;90;43m8[0;1;30;90;47m8[0;33;5;40;100m.[0;33;47m8[0;33;5;40;100m:[0;33;47m8[0;33;5;40;100m.[0;1;30;90;47m8[0;31;43m8[0;35;5;40;100m.[0;37;5;40;100m%[0;33;5;40;100m..[0;35;5;40;100m.[0;1;37;97;47m;[0;37;5;47;107m8[0;1;37;97;47m88[0;37;5;47;107m8[0;1;37;97;47m%[0;37;5;47;107m8[0;1;37;97;47m [0;37;5;47;107m88[0;1;37;97;47m [0;1;30;90;47m8[0;1;37;97;47m% .[0;1;30;90;47m8[0;31;40m8[0;1;30;90;40m8X8[0;34;40m8[0;30;5;40;100m8[0;1;30;90;40m@[0;34;40mX[0;1;30;90;40m@[0;30;44m8[0;34;5;40;100m8[0;34;40mX8[0;34;5;40;100m8[0;37;5;40;100mS[0;34;5;40;100mX[0;31;40m%[0;1;30;90;40m@X[0;30;5;40;100m8[0;34;5;40;100m8[0;31;40m%[0;1;30;90;40m8@@@@@@@[0m
[0;1;30;90;40m@@@@@X@@@@@@@@@@@X@[0;33;5;40;100mt[0;35;5;40;100mt[0;31;5;40;100m8[0;33;5;40;100mX[0;31;5;40;100mS[0;33;5;40;100m%X[0;35;41m8[0;33;5;40;100mtt[0;35;5;40;100mt[0;1;30;90;43m8[0;1;30;90;45m8[0;33;5;40;100mS[0;31;5;40;100mX[0;33;5;40;100m;S[0;1;30;90;45m8[0;1;30;90;43m8[0;33;5;40;100m:[0;31;5;40;100mS@[0;33;5;40;100m@;;:[0;1;30;90;43m8[0;1;30;90;45m8[0;1;30;90;43m8[0;37;5;40;100mt[0;33;5;40;100m. [0;1;30;90;43m8[0;1;30;90;45m8[0;1;30;90;43m8[0;35;5;40;100m.[0;1;30;90;43m8[0;35;47m8[0;33;5;40;100mt[0;37;5;40;100m%:[0;1;30;90;47m8[0;1;30;90;43m8[0;37;45m8[0;1;30;90;43m8[0;1;30;90;45m8[0;1;30;90;43m8[0;35;5;40;100m;[0;1;30;90;43m8[0;1;30;90;45m8[0;1;30;90;43m8[0;35;5;40;100m [0;1;30;90;43m8[0;35;47m8[0;1;37;97;47m [0;37;5;47;107m8[0;1;37;97;47m88[0;37;5;47;107m888[0;1;37;97;47m;[0;37;5;47;107m8[0;1;37;97;47m [0;1;30;90;47m88 [0;1;37;97;47m .[0;37;5;47;107m8[0;33;5;40;100m%[0;30;5;40;100m8[0;1;30;90;40mX@88@888@[0;31;40mS[0;1;30;90;40m8@X8X@@XXX88@@@@@@@[0m
[0;1;30;90;40m@@@X@@@@@@@@@@@@@X8[0;33;5;40;100m;X[0;31;5;40;100mX[0;33;5;40;100m:.::;:;::[0;1;30;90;43m8[0;35;5;40;100m:[0;33;5;40;100m::[0;1;30;90;43m8[0;35;5;40;100m.[0;33;5;40;100m::[0;31;5;40;100m@[0;33;5;40;100m%[0;35;5;40;100m;[0;33;5;40;100mt:[0;1;30;90;45m8[0;37;43m8[0;33;5;40;100m.[0;37;5;40;100m.[0;1;30;90;43m8[0;1;30;90;47m8[0;35;5;40;100mt[0;1;30;90;43m8[0;37;5;40;100m:[0;1;30;90;47m8[0;1;31;91;43m8[0;1;30;90;47m8[0;1;30;90;43m8[0;1;30;90;47m8[0;1;30;90;43m8[0;35;5;40;100m.[0;1;30;90;43m8[0;35;47m8[0;1;30;90;43m8[0;35;5;40;100m.[0;1;30;90;43m8[0;1;30;90;45m8[0;1;30;90;43m8[0;37;5;40;100m%[0;33;5;40;100m [0;37;5;40;100m;[0;35;5;40;100m [0;1;30;90;47mS[0;37;5;47;107m88[0;1;37;97;47m888@%[0;37;5;47;107m8[0;1;37;97;47m;[0;1;30;90;47m8;[0;1;37;97;47m.[0;1;30;90;47mX[0;37;5;40;100m@[0;1;30;90;47mt[0;1;37;97;47mX[0;1;33;93;47m8[0;30;41m8[0;1;30;90;40m8@@@@@@@@@88@@@@@@@@@@@@@X@@@@[0m
[0;1;30;90;40m@@@@@@@@@@X@@@X@@X[0;30;5;40;100m8[0;33;5;40;100m%[0;31;5;40;100mX[0;33;5;40;100m::;;;;;:[0;1;30;90;43m8[0;1;30;90;45m8[0;33;5;40;100m.[0;1;30;90;43m8[0;35;5;40;100m...[0;1;30;90;43m8[0;1;30;90;45m8[0;1;30;90;43m8[0;35;5;40;100m:[0;33;5;40;100mX;:[0;1;30;90;43m8[0;33;5;40;100m :[0;1;30;90;43m8[0;1;30;90;45m8[0;1;30;90;43m8[0;1;30;90;45m8[0;1;30;90;43m8[0;1;30;90;45m8[0;1;30;90;43m8[0;35;5;40;100m [0;1;30;90;47m8[0;33;5;40;100m.[0;1;30;90;47m8[0;1;31;91;43m8[0;1;30;90;47m88[0;1;30;90;43m8[0;35;47m8[0;1;30;90;43m8[0;1;30;90;47m8[0;33;5;40;100m:[0;33;47m8[0;35;5;40;100m:[0;1;30;90;43m8[0;35;5;40;100m:[0;33;5;40;100m:[0;1;37;97;47m:[0;37;5;47;107m88[0;1;37;97;47m8888@[0;37;5;47;107m88[0;1;37;97;47m [0;1;30;90;47m;[0;1;37;97;47mX  [0;33;5;40;100m:[0;33;47m8[0;1;37;97;47m [0;33;5;40;100m%[0;1;30;90;40m88@@@@X@@@@@@@X@@@@@@@@@@@@@@X@[0m
[0;1;30;90;40m@@@@@@@@X@@@@@@X8[0;37;5;40;100mX[0;35;5;40;100m;[0;31;5;40;100mX[0;33;5;40;100mt::;[0;35;5;40;100m;[0;1;30;90;43m8[0;1;30;90;45m8[0;1;30;90;43m8[0;1;30;90;45m8[0;33;47m8[0;33;5;40;100m;[0;1;30;90;47m8[0;33;5;40;100m:[0;1;31;91;47m8[0;33;5;40;100m;.[0;37;43m8[0;35;5;40;100m.[0;33;5;40;100m.;[0;31;5;40;100m8[0;33;5;40;100m:[0;35;5;40;100m.[0;37;5;40;100m.[0;1;30;90;43m8[0;37;45m8[0;1;30;90;43m8[0;1;30;90;47m8[0;33;5;40;100m;[0;1;30;90;43m8[0;35;5;40;100m [0;33;5;40;100m [0;33;47m8[0;35;5;40;100m.[0;37;43m8[0;1;30;90;45m8[0;1;30;90;43m8[0;1;30;90;47m8[0;35;5;40;100mt[0;1;30;90;43m8[0;35;47m8[0;1;30;90;43m8[0;35;47m8[0;1;30;90;43m8[0;1;30;90;45m8[0;1;30;90;43m8[0;1;30;90;47m8[0;1;30;90;45m8[0;1;30;90;47m%[0;37;5;47;107m888@X[0;1;37;97;47m88[0;37;5;47;107m888[0;1;37;97;47m;[0;1;30;90;47mt[0;1;37;97;47m%[0;1;30;90;47mt[0;1;37;97;47m .[0;1;33;93;47mS[0;35;5;40;100m [0;33;47m8[0;30;41m8[0;1;30;90;40m@@@X@@@@@@@@@@@@@@@@@@@X@@@@@@@[0m
[0;1;30;90;40m@@@@@@X@@@@@@@X[0;34;5;40;100mX[0;1;30;90;47mt[0;1;36;96;47mS[0;35;5;40;100m%[0;31;5;40;100mS[0;33;5;40;100m;::[0;1;30;90;43m8[0;1;30;90;45m8[0;1;30;90;43m8[0;33;5;40;100m .[0;1;30;90;43m8[0;35;5;40;100mt[0;1;30;90;43m8[0;1;30;90;45m8[0;1;30;90;43m8[0;33;5;40;100m.[0;1;30;90;43m8[0;1;30;90;45m8[0;33;5;40;100m;[0;1;30;90;43m8[0;35;5;40;100m:[0;33;5;40;100m:t[0;31;5;40;100m@[0;33;5;40;100m;[0;35;5;40;100m.[0;33;5;40;100m.[0;1;30;90;43m8[0;1;30;90;45m8[0;1;30;90;43m8[0;35;5;40;100m;.[0;1;30;90;43m8[0;35;47m8[0;1;30;90;43m8[0;1;30;90;45m8[0;37;43m8[0;37;5;40;100mt:[0;1;30;90;43m8[0;35;47m8[0;1;30;90;43m8[0;35;5;40;100m.[0;33;5;40;100m:[0;1;30;90;43m8[0;1;30;90;47m8[0;37;43m8[0;35;47m8[0;1;30;90;47mt[0;37;5;47;107m@@@SSSS[0;1;37;97;47m8[0;37;5;47;107m8[0;1;37;97;47m@[0;37;5;47;107m888[0;37;5;40;100mX[0;1;30;90;47m:S[0;1;37;97;47m:%[0;37;5;47;107m8[0;33;41m8[0;1;30;90;40m88@@@@@@@@@@@X@@@@@@@@@X@@@@X@@@@[0m
[0;1;30;90;40m@@@X@@@@@@@@@X@[0;1;30;90;47mX[0;1;36;96;47mS[0;1;37;97;47m [0;34;5;40;100m@[0;33;5;40;100mX[0;35;5;40;100m:[0;33;5;40;100m;[0;35;5;40;100m [0;37;5;40;100m.[0;1;30;90;43m8[0;1;30;90;45m8[0;1;30;90;43m8[0;1;30;90;47m8[0;35;5;40;100mS[0;33;5;40;100mS[0;35;5;40;100mt[0;1;30;90;43m8[0;35;5;40;100m;[0;33;5;40;100m. [0;1;30;90;43m8[0;1;30;90;45m8[0;33;5;40;100m.[0;1;30;90;43m8[0;35;5;40;100m:[0;33;5;40;100m;[0;31;5;40;100m@[0;33;5;40;100m;[0;1;30;90;43m8[0;1;30;90;45m8[0;1;30;90;43m8[0;35;5;40;100m .[0;1;30;90;43m8[0;1;30;90;45m8[0;1;30;90;43m8[0;35;5;40;100m:[0;33;5;40;100m.[0;33;47m8[0;35;5;40;100mt[0;37;43m8[0;35;47m8[0;1;30;90;43m8[0;35;5;40;100m.[0;1;30;90;47m8[0;1;31;91;43m8[0;1;30;90;47m8[0;35;5;40;100m:[0;33;5;40;100m;[0;1;37;97;47m [0;37;5;47;107m8t;;;:::.;S88[0;1;37;97;47mt[0;1;30;90;47m88[0;1;37;97;47m [0;1;30;90;47mX8[0;1;33;93;47mS[0;1;30;90;47m8[0;1;30;90;41m@[0;34;40mS[0;1;30;90;40m88@@@@@@X@@@@@@@@X@@X@@@@@@@@@@@[0m
[0;1;30;90;40m@@@@@@@@@@@X@X[0;36;5;40;100mt[0;1;37;97;47m [0;1;36;96;47m%[0;1;37;97;47m [0;36;5;40;100m8[0;35;5;40;100m@[0;33;5;40;100mS::.[0;37;5;40;100m:[0;1;30;90;43m8[0;1;30;90;45m8[0;1;30;90;43m8[0;33;5;40;100m;tt[0;35;5;40;100mt[0;1;30;90;43m8[0;35;5;40;100m:[0;1;30;90;43m8[0;35;47m8[0;1;30;90;43m8[0;35;5;40;100m..[0;1;30;90;43m8[0;35;5;40;100m;[0;31;5;40;100mX[0;33;5;40;100mt[0;35;5;40;100m;[0;1;30;90;43m8[0;35;5;40;100m.[0;33;5;40;100m..[0;35;5;40;100m.[0;1;30;90;43m8[0;1;30;90;45m8[0;1;30;90;43m8[0;37;5;40;100m:[0;1;30;90;43m8[0;35;47m8[0;1;30;90;43m8[0;33;5;40;100m.[0;33;47m8[0;1;30;90;45m8[0;1;30;90;43m8[0;1;30;90;47m8[0;35;5;40;100m;[0;1;30;90;47mX[0;37;5;47;107m8Stttt;;t;;tX[0;1;37;97;47mt [0;36;47mS[0;1;34;94;47m@[0;36;47m@S[0;1;37;97;47m  [0;1;30;90;47m;[0;35;5;40;100m:[0;30;5;40;100m8[0;1;30;90;40m8@@@@@X@@@@@@@@@X@@@@@@@@@@@@@@X@[0m
[0;1;30;90;40m@@@@@@@@X@@@X[0;34;5;40;100mX[0;1;30;90;47m;[0;1;36;96;47mS[0;1;37;97;47m [0;1;36;96;47mS[0;35;5;40;100m:;[0;33;5;40;100m::[0;1;30;90;43m8[0;1;30;90;45m8[0;1;30;90;43m8[0;35;5;40;100m [0;33;5;40;100m:[0;35;5;40;100m:[0;33;5;40;100mt[0;35;5;40;100mt[0;1;30;90;43m8[0;1;30;90;45m8[0;1;30;90;43m8[0;35;47m8[0;33;5;40;100mSS[0;35;5;40;100m;[0;1;30;90;43m8[0;1;30;90;45m8[0;33;5;40;100m;;t[0;31;5;40;100m@[0;33;5;40;100m.[0;35;5;40;100m:[0;33;5;40;100m:[0;1;30;90;43m8[0;1;30;90;45m8[0;1;30;90;43m8[0;35;5;40;100m:[0;33;5;40;100m: [0;1;30;90;43m8[0;37;45m8[0;1;30;90;43m8[0;1;30;90;47m8[0;1;31;91;43m8[0;37;5;40;100m%[0;1;30;90;43m8[0;1;30;90;47m88[0;37;5;47;107m8XS%%t%%S%t%[0;1;37;97;47m8:[0;1;30;90;47m8[0;36;47m@[0;1;35;95;47m%[0;1;36;96;47mX[0;1;37;97;47m [0;1;36;96;47m%[0;1;34;94;47mX[0;36;47mX[0;1;37;97;47m  [0;1;36;96;47m%[0;1;30;90;47mX[0;36;5;40;100m:[0;34;5;40;100m8[0;31;40mt[0;1;30;90;40m8X@@@@@@@X@@@@@@@@@@@@@X@@@@@@[0m
[0;1;30;90;40m@@@@X@@@@@@@X[0;36;5;40;100m%[0;36;47mS[0;1;37;97;47m [0;1;36;96;47mX[0;1;35;95;47m%[0;37;46m@[0;35;5;40;100mS[0;33;5;40;100m.  [0;1;30;90;43m8[0;1;30;90;45m8[0;1;30;90;43m8[0;35;5;40;100m.[0;1;30;90;43m8[0;1;30;90;45m8[0;1;30;90;43m8[0;35;5;40;100m;[0;33;5;40;100m;.[0;1;30;90;43m8[0;35;5;40;100m%[0;33;5;40;100m%[0;35;5;40;100m;[0;1;30;90;43m8[0;33;5;40;100m.;;[0;35;5;40;100m:[0;33;5;40;100mX[0;35;5;40;100m%[0;1;30;90;43m8[0;1;30;90;45m8[0;1;30;90;43m8[0;35;5;40;100m .[0;1;30;90;43m8[0;37;5;40;100m;[0;35;5;40;100m.[0;1;30;90;47m8[0;1;30;90;43m8[0;37;5;40;100m;.[0;1;30;90;47m8[0;35;5;40;100mt:[0;1;37;97;47m [0;37;5;47;107mXS%S%S%%%%%%[0;1;37;97;47m8[0;1;30;90;47m8[0;37;5;40;100m:[0;1;34;94;47m@[0;36;47m8[0;1;36;96;47m@[0;1;35;95;47mX[0;1;36;96;47m8[0;1;37;97;47m  [0;1;34;94;47m8[0;1;36;96;47m8[0;1;37;97;47m [0;1;36;96;47mS[0;1;37;97;47m [0;1;36;96;47m%[0;37;5;40;100m%[0;1;30;90;44m8[0;32;40mS[0;1;30;90;40m8@@@@@X@@@@@@@@@@@@X@@@@@X@@@[0m
[0;1;30;90;40m@@@@@@@@@@@@@[0;36;5;40;100m [0;1;36;96;47m@[0;1;34;94;47m@@[0;1;36;96;47m8[0;1;30;90;47m8[0;35;5;40;100m@[0;33;5;40;100m:.[0;33;47m8[0;35;5;40;100m:[0;33;5;40;100m:.[0;35;5;40;100m:[0;33;5;40;100m;t[0;35;5;40;100m;[0;1;30;90;43m8[0;35;5;40;100m:[0;33;5;40;100m:[0;35;5;40;100m;[0;1;30;90;43m8[0;35;5;40;100m;[0;1;30;90;43m8[0;1;30;90;45m8[0;1;30;90;43m8[0;35;5;40;100m.[0;1;30;90;43m8[0;1;30;90;45m8[0;1;30;90;43m8[0;35;5;40;100mS[0;1;30;90;43m8[0;35;5;40;100m .[0;1;30;90;43m8[0;1;30;90;45m8[0;1;30;90;47m8[0;1;30;90;43m8[0;1;30;90;45m8[0;1;30;90;43m8[0;35;47m8[0;1;30;90;43m8[0;35;5;40;100m [0;1;30;90;43m8[0;1;30;90;47m8[0;37;5;47;107m8@%SSSS%%%%%[0;1;37;97;47m8[0;1;30;90;47m.[0;37;5;40;100m%[0;36;47m@[0;1;34;94;47m@[0;36;47m@[0;1;34;94;47m@[0;36;47m8[0;1;34;94;47m8[0;1;36;96;47mS[0;1;34;94;47mS[0;1;36;96;47mS[0;1;37;97;47m [0;1;34;94;47m8[0;1;36;96;47mX[0;1;35;95;47mS[0;1;36;96;47m@[0;1;37;97;47m [0;1;36;96;47mX[0;35;5;40;100m;[0;1;30;90;40m@8@@@@@@@@@@@@@X@@X@@@@@@@@@@@[0m
[0;1;30;90;40m@@@@@@@@@X@X[0;34;5;40;100m8[0;1;30;90;47m8[0;36;47m8X@[0;1;34;94;47m@[0;37;46m8[0;1;30;90;47mX[0;35;5;40;100m.[0;33;5;40;100m;:[0;1;30;90;43m8[0;1;30;90;47m8[0;1;30;90;43m8[0;1;30;90;45m8[0;1;30;90;43m8[0;35;5;40;100m.[0;1;30;90;43m8[0;1;30;90;45m8[0;1;30;90;43m8[0;35;5;40;100m.[0;33;5;40;100m.[0;35;5;40;100m [0;1;30;90;43m8[0;37;45m8[0;1;30;90;43m8[0;35;5;40;100m.[0;37;5;40;100m.[0;33;5;40;100m.[0;1;30;90;43m8[0;35;5;40;100m:[0;33;5;40;100m@[0;35;5;40;100m%[0;1;30;90;43m8[0;1;30;90;45m8[0;1;30;90;43m8[0;33;5;40;100m [0;1;30;90;43m8[0;1;30;90;45m8[0;37;43m8[0;33;5;40;100m.[0;1;30;90;43m8[0;35;47m8[0;1;30;90;47m8[0;1;37;97;47m.[0;37;5;47;107m88SSSSS%S%SX[0;1;37;97;47m;[0;1;30;90;47m88[0;1;34;94;47m8[0;36;47m@@@[0;1;34;94;47mX[0;36;47m@@[0;1;34;94;47m@[0;1;36;96;47mX[0;1;34;94;47m@[0;1;36;96;47mS[0;35;47mS[0;36;47m8[0;1;34;94;47m@[0;1;37;97;47m [0;1;36;96;47m@[0;1;34;94;47m@[0;36;47m@[0;36;5;40;100m.[0;1;30;90;44mX[0;31;40m%[0;1;30;90;40m8@@@@@@@X@@@@@@@@@@@@@@@@@@[0m
[0;1;30;90;40m@@@X@@X@@@@X[0;30;5;40;100m@[0;36;47m8[0;1;34;94;47m@[0;1;36;96;47mX[0;1;34;94;47m@[0;36;47mX[0;35;5;40;100m [0;37;5;47;107m8[0;1;30;90;47mX[0;33;5;40;100m;[0;35;5;40;100m.[0;1;30;90;45m8[0;1;30;90;43m8[0;35;5;40;100m:[0;1;30;90;43m8[0;35;5;40;100m.[0;1;30;90;47m8[0;33;5;40;100mt:[0;35;5;40;100m.[0;1;30;90;43m8[0;37;45m8[0;1;30;90;43m8[0;1;30;90;45m8[0;1;30;90;43m8[0;35;5;40;100m.[0;33;5;40;100m.[0;1;31;91;43m8[0;37;5;40;100mX[0;35;5;40;100m:[0;33;5;40;100m:%[0;35;5;40;100mS[0;1;30;90;43m8[0;37;5;40;100mt[0;35;5;40;100m [0;33;5;40;100m..[0;1;30;90;43m8[0;35;5;40;100m:[0;1;30;90;47m8[0;1;30;90;41m8[0;1;30;90;47m@[0;37;5;47;107m88[0;1;37;97;47m8[0;37;5;47;107mSSXSS[0;1;37;97;47m8[0;37;5;47;107mX[0;1;37;97;47m8[0;37;5;47;107mX@[0;1;30;90;47m [0;37;5;40;100m;[0;36;47m8[0;1;34;94;47m8[0;36;47m@@[0;1;34;94;47m@[0;36;47m@@[0;1;34;94;47m@[0;36;47m@X[0;1;34;94;47m@[0;36;47mX[0;1;34;94;47m@[0;36;47m8[0;1;34;94;47m8[0;36;47m8[0;1;34;94;47m8[0;36;47mX[0;1;34;94;47mX[0;36;47m@X[0;36;5;40;100mS[0;1;30;90;40mX@@@@@@X@@@@@@@@@@@@@X@@@@X@[0m
[0;1;30;90;40m@@@@@@@@@@@X[0;34;5;40;100m8[0;1;30;90;47m@[0;36;47m8@X[0;1;34;94;47mX[0;36;47m8[0;1;37;97;47mS[0;37;5;47;107mt[0;1;30;90;47m8[0;1;30;90;43m8[0;33;5;40;100m.[0;35;5;40;100m [0;1;30;90;47m88[0;1;37;97;47m     [0;1;30;90;47m88[0;33;5;40;100m;; [0;1;30;90;43m8[0;35;5;40;100m. [0;33;5;40;100m.[0;1;30;90;43m8[0;1;30;90;45m8[0;1;30;90;43m8[0;31;5;40;100m@[0;35;5;40;100m.[0;33;5;40;100m;[0;1;30;90;43m8[0;1;30;90;45m8[0;1;30;90;43m8[0;35;47m8[0;1;30;90;47m88[0;1;37;97;47mt[0;37;5;47;107m888@[0;1;37;97;47m8[0;37;5;47;107mt[0;1;37;97;47m8[0;37;5;47;107mS[0;1;37;97;47m8[0;37;5;47;107mS8@[0;1;37;97;47m8[0;1;30;90;47m.8[0;1;34;94;47m8[0;36;47m@@[0;1;34;94;47m@[0;36;47m@@[0;1;34;94;47m@[0;36;47mX@[0;1;34;94;47m@[0;36;47mXX[0;1;34;94;47m@[0;36;47m@@@[0;36;5;40;100m:[0;36;47m8[0;1;34;94;47mX[0;36;47m@[0;1;34;94;47mX[0;36;47mX[0;37;5;40;100m;[0;1;30;90;44m@[0;1;30;90;40mX@@X@@@@@@@X@@@@@@X@@@@X@@@[0m
[0;1;30;90;40m@@@@@@@@@@@X[0;34;5;40;100m@[0;36;47m8@[0;1;34;94;47m@[0;36;47m@@[0;1;30;90;45m8[0;1;37;97;47m [0;37;5;47;107m.:[0;1;37;97;47m@[0;37;5;47;107m8S%tXS%%@88[0;1;37;97;47m@;[0;1;30;90;47mS8[0;35;5;40;100mt[0;1;30;90;43m8[0;1;30;90;45m8[0;1;30;90;43m8[0;37;5;40;100m;[0;33;5;40;100m:[0;31;5;40;100mS[0;33;5;40;100mt[0;1;30;90;47m88[0;1;37;97;47m %S[0;37;5;47;107m8888[0;1;37;97;47m88[0;37;5;47;107mS[0;1;37;97;47m8[0;37;5;47;107mXSSS@8[0;1;37;97;47mX[0;1;30;90;47m8[0;36;47m8[0;1;34;94;47m8[0;36;47m@@[0;1;34;94;47m@[0;36;47m@[0;1;34;94;47mX[0;36;47m@[0;1;34;94;47m@[0;36;47m@[0;1;34;94;47m@[0;36;47m@[0;1;34;94;47m@[0;36;47m@@[0;1;34;94;47mX[0;36;47m@[0;1;34;94;47m@[0;36;47m8[0;1;34;94;45m8[0;1;36;96;47mX[0;36;47m@@[0;1;34;94;47m@[0;36;47m8[0;34;5;40;100m8[0;32;40m%[0;1;30;90;40m8@@@@@@@@@@@@@X@@@@@@@@@@@[0m
[0;1;30;90;40m@@@@X@@@X@@X8[0;1;30;90;47m8[0;36;47m8[0;1;34;94;47m@[0;1;30;90;47m8[0;36;47m88[0;1;30;90;47m8[0;37;5;47;107mt ;t;:t;;;t@8[0;1;37;97;47m88[0;37;5;47;107m8[0;1;37;97;47m88.[0;37;5;40;100mS[0;33;5;40;100m:[0;35;5;40;100m.[0;1;30;90;47m88[0;1;37;97;47m:[0;37;5;47;107m8888888[0;1;37;97;47m888888@@8[0;37;5;47;107mXXX8[0;1;30;90;47m8[0;1;34;94;47m8[0;36;47m8[0;1;30;90;47m8[0;1;34;94;47m8[0;36;47m8@@[0;1;34;94;47m@[0;36;47m@@[0;1;34;94;47m@[0;36;47m@@@[0;1;34;94;47m@[0;36;47m@[0;1;34;94;47m@[0;36;47m@@X[0;36;5;40;100m.[0;36;47m@[0;1;34;94;47m@[0;36;47m@@@[0;1;30;90;44m8[0;31;40mX[0;1;30;90;40m8@@@@@@X@@@@@@@@@@@@@@@@@@[0m
[0;1;30;90;40m@@@@@@@@@@@X[0;30;5;40;100m8[0;1;30;90;46m8[0;1;30;90;47m8[0;36;47m8[0;1;34;94;47m8[0;1;30;90;47m8[0;36;5;44;104mX[0;1;30;90;47m8[0;1;37;97;47mt[0;37;5;47;107m:.;S8[0;1;37;97;47mS;[0;1;30;90;47m [0;1;37;97;47m;t[0;1;30;90;47m [0;1;37;97;47mX88888[0;37;5;47;107mX[0;1;37;97;47m8[0;37;5;47;107m8[0;1;37;97;47m@@[0;37;5;47;107m88[0;1;37;97;47m88888888[0;37;5;47;107mX[0;1;37;97;47m88@SSX@[0;37;5;47;107m88[0;1;37;97;47m:[0;1;30;90;47m8[0;1;30;90;46m8[0;1;30;90;47m8[0;1;34;94;47m8[0;36;47m88[0;1;34;94;47m8[0;36;47m@[0;1;34;94;47m8[0;36;47m@[0;1;34;94;47m@[0;36;47m@@[0;1;34;94;47m@[0;36;47m@[0;1;34;94;47m@[0;36;47m@@@[0;1;34;94;47m@[0;36;47m@[0;1;34;94;47mX[0;36;47m88@[0;1;34;94;47m@[0;36;47m@[0;1;30;90;47m8[0;1;30;90;44m@[0;1;30;90;40m@@@@@@X@@@@@@X@@@@@@X@@@@@@[0m
[0;1;30;90;40m@@@@@@@@@@@@[0;34;40m@[0;35;5;40;100m [0;36;47m8[0;35;47m8[0;37;46m8[0;1;30;90;47m88[0;36;5;40;100m.[0;1;30;90;47m8[0;1;37;97;47m @[0;1;30;90;47m.;[0;1;37;97;47m     [0;1;30;90;47m888[0;1;30;90;45m8[0;1;30;90;47m88[0;1;37;97;47m:8888888888888888888[0;37;5;47;107m8[0;1;37;97;47mX[0;37;5;47;107m8[0;1;37;97;47mX% [0;1;30;90;45m8[0;37;46m8[0;35;47m8[0;36;5;44;104mt[0;1;30;90;47mS[0;37;46m8[0;36;47m8[0;1;34;94;47m8[0;1;30;90;47m8[0;36;47m88[0;1;30;90;47m8[0;36;47m8[0;37;5;44;104m8[0;1;30;90;47m8[0;36;47m8[0;1;34;94;47m8[0;1;30;90;47m8[0;1;34;94;47m8[0;36;47m8[0;1;34;94;47m@[0;36;47m@[0;1;34;94;47m@[0;36;47m8[0;1;34;94;45m8[0;36;47m88[0;1;34;94;47m8[0;36;47m8[0;36;5;40;100mS[0;30;44m8[0;1;30;90;40m8@@@@@@@@@@X@@@@@@X@@@@@X@@[0m
[0;1;30;90;40m@@@X@@@X@@@@8[0;35;5;40;100m%[0;37;46m8[0;36;47m8[0;1;30;90;45m8[0;36;47m8[0;37;46m8[0;1;30;90;47m8[0;1;34;94;46m8[0;35;5;40;100mt[0;1;30;90;47m8[0;1;37;97;47m.. [0;1;36;96;47m%[0;1;37;97;47m [0;1;36;96;47mX[0;1;37;97;47m  [0;1;36;96;47m@[0;1;34;94;47m8[0;36;47m8[0;36;5;40;100m.[0;1;30;90;47m8[0;35;5;40;100m;:[0;1;30;90;47m8[0;1;37;97;47mS88@888@888S;.[0;1;30;90;47m:::[0;1;37;97;47m  [0;35;47mS[0;1;30;90;47m8[0;35;5;40;100mS[0;1;30;90;46m8[0;36;47m8[0;36;5;44;104mX[0;1;30;90;47m@@[0;1;30;90;46m8[0;35;47m8[0;1;34;94;46m8[0;1;30;90;47m8[0;1;34;94;46m8[0;1;30;90;47m8[0;37;5;44;104m8[0;36;47m88[0;1;30;90;47m8[0;36;5;44;104m%[0;1;30;90;47m@[0;36;47m8[0;37;46m8[0;36;47m8[0;35;47m8[0;37;46m8[0;36;47m88@8[0;35;5;40;100m%[0;36;47m88[0;35;5;44;104m%[0;36;5;40;100m.[0;1;30;90;40m8@@@@@@@@@@@@@@@@X@@@@@@@@@@[0m
[0;1;30;90;40m@@@@@@@@@@@@@[0;30;44m8[0;35;5;40;100m [0;1;30;90;47m8[0;36;47m@[0;1;30;90;47m8[0;1;30;90;45m8[0;1;30;90;46m8[0;1;30;90;47m8[0;1;37;97;47m ;[0;37;5;47;107m8[0;1;36;96;47mX[0;1;37;97;47m [0;1;36;96;47mS[0;1;37;97;47m [0;1;34;94;47mS[0;1;36;96;47mS[0;1;34;94;47mX@[0;36;47m8[0;1;30;90;47m8[0;36;5;44;104mS[0;1;30;90;47m8[0;36;47m88[0;1;30;90;45m8[0;37;5;40;100mt[0;1;30;90;47m@[0;1;37;97;47m:%S%:[0;1;30;90;47m ..:::...... .[0;35;5;40;100m;[0;36;47m8[0;37;45m8[0;36;47m8[0;1;30;90;46m8[0;36;47m8[0;1;34;94;46m8[0;1;30;90;47m88[0;37;46m8[0;1;30;90;47m8[0;37;46m8[0;1;30;90;47m8[0;36;5;44;104m@[0;1;30;90;47m8[0;1;30;90;46m8[0;1;30;90;47m8[0;36;47m8[0;36;5;44;104mX[0;1;30;90;47m8[0;1;34;94;46m8[0;1;30;90;47m8[0;1;34;94;47m8[0;36;47m8[0;37;5;44;104m8[0;1;30;90;47m8[0;1;30;90;46m8[0;35;5;40;100mt[0;37;5;44;104m8[0;1;30;90;47m8[0;36;5;40;100mt[0;1;30;90;40m8@@@@@X@@@@X@@@@@@@@@@@@@@@@@[0m
[0;1;30;90;40m@@@@@@@@@@@@@[0;33;5;40;100m.[0;1;37;97;47mX[0;37;5;47;107mS@8[0;1;30;90;47mS8[0;1;37;97;47m ;[0;37;5;46;106m8[0;1;37;97;47m  [0;37;5;46;106m8[0;1;35;95;47mX[0;37;5;46;106m8[0;1;35;95;47mS[0;1;34;94;47m8[0;36;47m88[0;1;30;90;45m8[0;36;47m8[0;1;30;90;47m8[0;1;30;90;46m8[0;35;47m8[0;1;30;90;46m8[0;36;47m@8[0;1;30;90;45m8[0;1;30;90;47mt :..[0;1;37;97;47m           :; [0;35;5;40;100m.[0;34;5;40;100mS[0;1;30;90;46m8[0;1;30;90;47m8[0;36;5;44;104mX[0;1;30;90;47m88[0;1;34;94;46m8[0;1;30;90;47m8[0;1;34;94;46m8[0;1;30;90;47m8[0;36;5;44;104mS[0;1;30;90;47m8[0;37;5;40;100mS[0;37;46m8[0;35;47m8[0;1;34;94;46m8[0;1;30;90;47m888[0;36;47m8[0;1;30;90;46m8[0;1;30;90;47m8[0;1;34;94;46m8[0;1;30;90;47m8[0;37;46m8[0;35;5;44;104mX[0;36;5;40;100m;[0;1;30;90;46m8[0;36;5;40;100m:[0;1;30;90;44m8[0;1;30;90;40mX@@@@@@@@@@@@@@@@@@@@@@X@@@X@[0m
[0;1;30;90;40m@@@@X@@@X@@X[0;30;5;40;100mX[0;1;37;97;47m8[0;37;5;47;107m;X8[0;1;30;90;47m8[0;36;47m@[0;1;37;97;47m [0;37;5;47;107m8[0;1;36;96;47mS[0;1;37;97;47m [0;1;36;96;47mS[0;1;35;95;47mS[0;1;36;96;47mSS[0;37;5;44;104m8[0;1;36;96;47m8[0;1;30;90;47m8[0;36;5;44;104mX[0;1;30;90;47m8[0;36;47m8[0;36;5;40;100m [0;36;47m8[0;35;47m8[0;37;46m8[0;35;47m8[0;1;34;94;46m8[0;1;30;90;47m8[0;35;5;40;100m [0;1;37;97;47mt       [0;1;33;93;47mS[0;1;37;97;47m :t[0;37;5;47;107m8[0;1;37;97;47mS[0;37;5;47;107m8[0;1;33;93;47m@[0;1;30;90;47m8[0;1;30;90;41m8[0;31;5;40;100m8[0;1;30;90;40mX[0;34;5;40;100m8[0;36;5;40;100m;[0;36;47m8[0;1;30;90;47m8[0;1;30;90;46m8[0;1;30;90;47m8[0;36;5;40;100m.[0;36;47m8[0;1;30;90;47m8[0;1;30;90;46m8[0;1;30;90;47m8[0;37;46m8[0;36;5;44;104mX[0;1;30;90;47m8[0;1;30;90;46m8[0;1;30;90;47m8[0;1;34;94;46m8[0;1;30;90;47m8[0;1;34;94;46m8[0;1;30;90;47m8[0;37;5;44;104m8[0;1;30;90;47m8[0;36;47m8[0;1;30;90;46m8[0;1;30;90;47m8[0;36;47m8[0;36;5;40;100m%[0;35;5;40;100m:[0;1;30;90;44m8[0;1;30;90;40mX@@@@@@@@X@@@@@@X@@@@X@@@@@@@@[0m
[0;1;30;90;40m@@@@@@@@@@@@[0;1;30;90;47mt[0;37;5;47;107m%8[0;1;37;97;47m%[0;1;30;90;47m8[0;36;47m@[0;1;37;97;47m [0;37;5;47;107m8[0;37;5;46;106m8[0;1;35;95;47m%[0;1;36;96;47mS[0;1;37;97;47m [0;1;34;94;5;46;106m8[0;1;35;95;47mS[0;1;34;94;47m@[0;1;30;90;47m8[0;1;30;90;46m8[0;35;47m@[0;1;30;90;47m8[0;1;30;90;46m8[0;35;47m8[0;36;47m8[0;1;30;90;45m8[0;37;46m@[0;1;30;90;47m8[0;1;30;90;46m8[0;35;47m@[0;36;5;40;100m.[0;1;37;97;47m: :tt[0;1;33;93;47m%[0;1;37;97;47m;[0;1;33;93;47mS[0;1;37;97;47m [0;1;33;93;47m%[0;33;47mX8[0;1;31;91;43m8[0;33;5;40;100mt[0;31;43m8[0;1;30;90;41m8[0;30;41m8[0;1;30;90;40m88SXX[0;1;30;90;44m8[0;36;5;40;100m;[0;36;47m8[0;35;5;44;104mS[0;36;47m88[0;35;5;44;104mS[0;1;30;90;47m8[0;36;47m8[0;36;5;44;104mX[0;1;30;90;47m88[0;1;30;90;46m8[0;35;47m8[0;37;46m8[0;1;30;90;47m8[0;1;30;90;46m8[0;1;30;90;47m8[0;37;46m8[0;1;30;90;47m8[0;1;34;94;46m8[0;1;30;90;47m8[0;1;34;94;47m8[0;1;30;90;46m8[0;1;30;90;45m8[0;36;5;40;100m8[0;1;30;90;44m@[0;31;40m%[0;1;30;90;40m8@@@X@@@@@@@@@X@@@@X@@@@@@@@@@[0m
[0;1;30;90;40m@@@@@@X@@@@@[0;30;5;40;100mX[0;35;5;40;100mt[0;30;5;40;100m8[0;36;5;40;100m:[0;1;37;97;47m  [0;1;36;96;47mXS[0;1;35;95;47m%[0;37;5;46;106m8[0;1;35;95;47mS[0;1;36;96;47m@[0;1;35;95;47m@[0;37;46mX[0;36;47m8[0;35;47m8[0;36;47m88[0;1;30;90;47m8[0;36;47m88[0;37;5;44;104m8[0;36;47m8[0;1;30;90;47m8[0;36;5;44;104mS[0;1;30;90;47m8[0;1;30;90;44m8[0;30;5;40;100m88[0;31;5;40;100m8@[0;1;30;90;41m88[0;31;5;40;100m@[0;1;30;90;41m8[0;30;41m@[0;1;30;90;41m@[0;31;40m8[0;1;30;90;41m8[0;1;30;90;40m8[0;30;5;40;100m@[0;31;40m8[0;30;5;40;100m8[0;1;30;90;40m@8@@@@XX[0;34;5;40;100m8[0;1;30;90;47m8[0;36;47m8[0;36;5;40;100m:[0;36;47m88[0;1;30;90;46m8[0;35;47m8[0;1;30;90;47m8[0;1;30;90;46m8[0;1;30;90;47m8[0;36;5;44;104mt[0;1;30;90;47m8[0;1;34;94;46m8[0;1;30;90;47m8[0;1;34;94;47m8[0;1;30;90;46m8[0;1;34;94;47m8[0;36;5;40;100m:[0;1;30;90;47m8[0;1;34;94;46m8[0;1;30;90;47m8[0;36;47m8[0;34;5;40;100mX[0;35;5;40;100m:[0;36;5;40;100m;[0;1;30;90;40m8@@@@@@@X@@@@X@@@@@@@@@@@@X@@@@[0m
[0;1;30;90;40m@@@X@@@@@@@@X[0;32;40m%[0;36;5;40;100mt[0;1;37;97;47m [0;1;36;96;47mX[0;1;37;97;47m [0;1;36;96;47m%[0;1;35;95;47m%[0;37;5;46;106m8[0;1;35;95;47m@[0;1;36;96;5;44;104m8[0;1;30;90;47m8[0;1;34;94;46m8[0;1;30;90;47m8[0;36;47m8[0;36;5;44;104mX[0;1;30;90;47m8[0;36;47m8[0;1;34;94;47m8[0;36;47m8[0;1;30;90;47m8[0;36;47m8[0;37;5;40;100m:[0;36;47m8[0;35;5;40;100m [0;1;30;90;44m@[0;31;40m%[0;1;30;90;40m8XS[0;32;40mS[0;1;30;90;40m8[0;32;40mX[0;1;30;90;40m@X88@[0;34;40mS[0;1;30;90;40m@8@X@@@@@@@@[0;34;40m@[0;36;5;40;100mt[0;36;47m8[0;36;5;44;104mS[0;1;30;90;47m8[0;1;30;90;46m8[0;35;47m8[0;1;34;94;46m8[0;1;30;90;47m8[0;1;34;94;46m8[0;1;30;90;47m88[0;1;30;90;46m8[0;1;30;90;47m8[0;1;34;94;46m8[0;1;30;90;47m88[0;1;34;94;46m8[0;1;30;90;47m8[0;37;46m8[0;1;30;90;47m8[0;36;5;44;104m8[0;37;5;40;100m%[0;36;5;40;100m.[0;1;37;97;47m S.[0;36;5;40;100m [0;1;30;90;40mX@@@@@@@@@@@@@@@@@@@@@@@@@@@@[0m
[0;1;30;90;40m@@@@@@@@@X@@@[0;35;5;40;100mt[0;36;47mX[0;1;37;97;47m [0;1;36;96;47mS%[0;1;34;94;47mX[0;1;36;96;47m@[0;37;5;44;104m8[0;1;30;90;47m8888[0;36;47m8[0;35;47m8[0;36;47mX@[0;1;34;94;47m@[0;36;47m@[0;1;34;94;47m@[0;36;47m8[0;1;34;94;47m@[0;36;5;40;100m:[0;1;30;90;44m8[0;30;5;40;100m8[0;1;30;90;40mX8@@88@8@@X@88@@@@@@@@@@@88[0;36;5;40;100m:[0;1;30;90;47m@[0;1;37;97;47m [0;1;30;90;47mtS88[0;1;30;90;46m8[0;1;30;90;47m8[0;1;30;90;46m8[0;36;47m8[0;1;34;94;47m8[0;37;5;40;100m%[0;1;30;90;47m8[0;1;34;94;46m8[0;1;30;90;47m88[0;36;5;44;104m@[0;1;30;90;47m8[0;1;30;90;46m8[0;1;30;90;47m8[0;36;5;40;100m.[0;1;37;97;47m.;[0;1;30;90;47m::[0;1;37;97;47mS.[0;36;5;40;100m [0;1;30;90;40m@@@@@@@@@@@@@@@@@@X@@@@@X@@[0m
[0;1;30;90;40m@@@@@@@@@@@X[0;36;5;40;100mt[0;1;30;90;47mt[0;1;36;96;47mS[0;1;34;94;47mSX@[0;36;47m@[0;35;47m8[0;36;47m88[0;37;5;44;104m8[0;36;47m8[0;1;34;94;47m8[0;36;47m88[0;1;34;94;47m@[0;36;47m@@[0;1;30;90;47m8[0;1;30;90;46m8[0;1;30;90;45m8[0;1;30;90;44m8[0;34;40m8[0;30;5;40;100m8[0;1;30;90;40mX@@@@@@@@@@@@X@@@@@@@@@@@X[0;33;5;40;100m;[0;1;37;97;47m;[0;37;5;47;107mX8[0;1;37;97;47mSX[0;37;5;47;107m8[0;1;37;97;47m:[0;37;5;47;107m8[0;1;37;97;47m;[0;1;30;90;47mS[0;1;30;90;45m8[0;1;30;90;46m8[0;1;30;90;47m8[0;1;34;94;46m8[0;1;30;90;47m88[0;1;34;94;46m8[0;1;30;90;47m8[0;36;5;40;100m:[0;1;30;90;46m8[0;1;30;90;45m8[0;1;30;90;46m8[0;1;30;90;47m%[0;1;37;97;47m;%@[0;37;5;47;107m8[0;1;37;97;47m:[0;1;30;90;47mX[0;1;37;97;47m:[0;37;5;40;100m8[0;1;30;90;40m@@X@@@X@@@@X@@X@@@@@@X@@@@[0m
[0;1;30;90;40m@@@@@X@@@@X[0;30;5;40;100m8[0;1;30;90;47m8[0;36;47m888[0;1;30;90;47m8[0;36;47m8[0;35;5;44;104mS[0;1;30;90;47mS[0;37;46m8[0;1;30;90;47m8[0;36;47m8X@[0;1;34;94;47mX[0;36;47m8[0;36;5;40;100m.[0;34;5;40;100mS[0;1;30;90;44mX[0;30;44m@[0;30;5;40;100m8[0;34;40m@[0;1;30;90;40m88@@@@@@@@@@@@@@@@@@@@@@@@@X[0;30;5;40;100m8[0;1;37;97;47m@[0;37;5;47;107mt8[0;1;37;97;47m@@S%[0;37;5;47;107m8[0;1;37;97;47m;;[0;1;30;90;47m8[0;36;5;40;100mX[0;35;5;40;100mS[0;36;44m8[0;35;5;40;100mS[0;1;30;90;44m88[0;30;5;40;100m8[0;1;30;90;44m@[0;34;5;40;100m88[0;34;40m@[0;30;5;40;100m8[0;30;44m8[0;30;5;40;100m@[0;34;5;40;100m8[0;30;5;40;100mX[0;35;5;40;100m%[0;36;5;40;100m;[0;1;30;90;40m8XXX@@@@@@@@X@@@@@@@@@@@@@@@@[0m
[0;1;30;90;40m@@@X@@@@@@@[0;34;40mX[0;34;5;40;100m8[0;1;30;90;44m8[0;34;5;40;100m8[0;1;30;90;44m88[0;34;5;40;100mS[0;36;5;40;100mt[0;34;5;40;100m@88@88[0;1;30;90;44m@@[0;34;40m8[0;30;5;40;100m8[0;1;30;90;40m88@8@@@@@X@@X@@@@@@@@@@@@@@@@@@X[0;30;5;40;100m8[0;37;5;40;100m8[0;1;30;90;47mXSX8[0;37;5;40;100m8[0;35;5;40;100m :[0;34;5;40;100mX[0;1;30;90;44m8[0;34;40m@[0;34;5;40;100m8[0;34;40m@[0;30;5;40;100m8[0;1;30;90;40mX[0;32;40m%[0;1;30;90;40m@X[0;31;40m%[0;32;40mS[0;1;30;90;40m@8@@[0;31;40mS[0;1;30;90;40m@X[0;32;40mt[0;1;30;90;40m@@@@@@@@@@@@@@@@@@@@@@@X@@@@@@[0m
[0;1;30;90;40m@@@@@@@@X@88[0;32;40m%[0;1;30;90;40mX[0;31;40mX[0;1;30;90;40m8@@X@@@@@X[0;31;40m%[0;1;30;90;40m88@@@@@@@@X@@@@@@@@X@@X@@@X@@@@X@@@@@@X@[0;34;40m@[0;30;5;40;100m8[0;1;30;90;40m@@@@8[0;31;40mS[0;30;5;40;100m8[0;1;30;90;40mX@8@@88@@@88@@8@@@@@@@@X@@@@@@@@@@@X@@@@@@@@@[0m
