[0;1;30;90;40m@@@@X@@@@@@@@@@@@@@@@@@@@@@@@@@@@@@@@@@@@@@@@@@@@@@@@@@@@@@@@@@@@@@@@@@@@@@@@@@@@@@@@@@@@@@@@@@@@@@@@@@@@@@@@@@@@@@@@@@@[0m
[0;1;30;90;40m@@@X[0;31;5;40;100mS[0;30;5;40;100m@[0;1;30;90;40mX@@@@@@@@@@@@@@@@@@@@@@@@@@@@@@@@@@@@@@@@@@@@@@@@@@@@@@@@@@@@@@@@@@@@@@@@@@@@@@@@@@@@@@@@@@@@@@@@@@@@@@@@@@@@@@@@@[0m
[0;1;30;90;40m@@@S[0;33;5;40;100m.[0;1;33;93;47mS[0;33;5;40;100mt[0;1;30;90;40m@X@@@@@X@@@@@X@@@@@X@@@@@X@@@@@X@@@@@X@@@@@X@@@@@X@@@@@X@@@@@X@@@@@X@@@@@X@@@@@X@@@@@X@@@@@X@@@@@X@@@@@X@@@@@X@@@[0m
[0;1;30;90;40m@@@8[0;33;47m8[0;1;33;93;47mS[0;1;37;97;47m [0;1;30;90;43m8[0;31;40m8[0;1;30;90;40m8@@@@@@@@X@@@@@X@@@@@X@@@@@X@@@@@X@@@@@X@@@@@X@@@@@X@@@@@X@@@@@X@@@@@X@@@@@X@@@@@X@@@@@X@@@@@X@@@@@X@@@@@X@@@@@[0m
[0;1;30;90;40m@@X[0;31;5;40;100m8[0;33;5;40;100mt[0;1;30;90;43m8[0;1;33;93;47mS[0;1;37;97;47m [0;33;47m8[0;31;40m8[0;1;30;90;40m8@@@@@@@@@@@@@@@@@@@@@@@@@@@@@@@@@@@@@@@@@@@@@@@@@@@@@@@@@@@@@@@@@@@@@@@@@@@@@@@@@@@@@@@@@@@@@@@@@@@@@@@@@@@@@[0m
[0;1;30;90;40m@@[0;32;40mt[0;33;5;40;100mS[0;33;47m8[0;30;41mS@[0;1;30;90;47m8[0;1;33;93;47mX[0;1;30;90;47m@[0;31;5;40;100mX[0;32;40m%[0;1;30;90;40m8@@@X@@@@@X@@@@@X@@@@@X@@@@@X@@@@@X@@@@@X@@@@@X@@@@@X@@@@@X@@@@@X@@@@@X@@@@@X@@@@@X@@@@@X@@@@@X@@@@@X@@@@@X@[0m
[0;1;30;90;40m@@@[0;33;5;40;100m;S[0;31;40mXt[0;30;41m8[0;33;47m8[0;1;33;93;47m8[0;1;30;90;47m8[0;1;30;90;41m@[0;34;40mt[0;1;30;90;40m8@@@@@@@@@@@@@@@@@@@@@@@@@@@@@@@@@@@@@@@@@@@@@@@@@@@@@@@@@@@@@@@@@@@@@@@@@@@@@@@@@@@@@@@@@@@@@@@@@@@@@@@@@@[0m
[0;1;30;90;40m@X[0;31;5;40;100m8[0;1;30;90;43m8[0;35;5;40;100mX[0;31;40m%[0;1;30;90;40m@[0;31;40mX[0;1;30;90;41m@[0;33;5;40;100mt[0;1;33;93;47m8[0;1;30;90;43m8[0;31;5;40;100m@[0;1;30;90;40mX@@@@@@X@@@@@X@@@@@X@@@@@X@@@@@X@@@@@X@@@@@X@@@@@X@@@@@X@@@@@X@@@@@X@@@@@X@@@@@X@@@@@X@@@@@X@@@@@X@@@@@X@@@[0m
[0;1;30;90;40m@[0;34;40mt[0;33;5;40;100m8[0;1;30;90;47m8[0;1;30;90;41m@[0;32;40mt[0;31;5;40;100mS[0;1;30;90;43m;[0;31;40m8[0;1;30;90;41m8[0;33;5;40;100mt[0;1;33;93;47m@[0;33;47m8[0;1;30;90;41m8[0;1;30;90;40mX@@@X@@@@@@@@@@@@@@@@@@@@@@@@@@@@@@@@@@@@@@@@@@@@@@@@@@@@@@@@@@@@@@@@@@@@@@@@@@@@@@@@@@@@@@@@@@@@@@@@@@@@@[0m
[0;1;30;90;40m@[0;31;40mt[0;33;5;40;100mX[0;1;30;90;43m8[0;1;30;90;41m@[0;31;40m%[0;1;30;90;41m88[0;33;5;40;100m8[0;1;30;90;41m8[0;30;41mX[0;33;5;40;100m;[0;33;47m88[0;1;30;90;41m8[0;32;40m%[0;1;30;90;40m8@@@@@@@X@@@@@X@@@@@X@@@@@X@@@@@X@@@@@X@@@@@X@@@@@X@@@@@X@@@@@X@@@@@X@@@@@X@@@@@X@@@@@X@@@@@X@@@@@X@@@@@[0m
[0;1;30;90;40m@[0;34;40mt[0;33;5;40;100m%[0;33;47m8[0;31;40m@[0;30;5;40;100mX[0;31;43m8[0;1;30;90;40m8[0;33;41m8[0;33;5;40;100m8[0;33;41m@[0;1;30;90;41m@[0;37;43m8[0;33;47m88[0;1;30;90;41m8[0;1;30;90;40mX@@@@@@@@@@@@@@@@@@@@@@@@@@@@@@@@@@@@@@@@@@@@@@@@@@@@@@@@@@@@@@@@@@@@@@@@@@@@@@@@@@@@@@@@@@@@@@@@@@@@@@@[0m
[0;1;30;90;40m@[0;31;40mS[0;33;5;40;100m%[0;37;43m8[0;30;41m8[0;31;5;40;100mX[0;33;41m8[0;33;5;40;100m8[0;30;41m8[0;1;30;90;41m8[0;33;5;40;100m8[0;1;30;90;41m8[0;33;41mX[0;1;30;90;43m8[0;33;47m@8[0;31;5;40;100m8[0;1;30;90;40mX@@@@X@@@@@X@@@@@X@@@@@X@@@@@X@@@@@X@@@@@X@@@@@X@@@@@X@@@@@X@@@@@X@@@@@X@@@@@X@@@@@X@@@@@X@@@@@X@@@@@X@[0m
[0;1;30;90;40m@X[0;33;5;40;100mX[0;1;30;90;47m8[0;30;41m8[0;32;5;40;100mS[0;30;41m8[0;1;30;90;43m:[0;1;30;90;41m8[0;30;42m8[0;33;41mX[0;31;5;40;100mS[0;33;41m8[0;1;30;90;41m8[0;33;47m8[0;1;31;91;47m8[0;33;47m8[0;1;30;90;41m8[0;32;40m%[0;1;30;90;40m8@@@@@@X@@@@@X@@@@@X@@@@@X@@@@@X@@@@@X@@@@@X@@@@@X@@@@@X@@@@@X@@@@@X@@@@@X@@@@@X@@@@@X@@@@@X@@@@@X@@@[0m
[0;1;30;90;40m@[0;31;40m%[0;33;5;40;100mX[0;1;30;90;43m8[0;31;5;40;100m8[0;1;30;90;41m8[0;1;30;90;43m:[0;31;40m8[0;33;5;40;100m8[0;33;41mS[0;31;5;40;100mX[0;33;41m8[0;30;5;40;100mS[0;33;41m@[0;1;30;90;41m8[0;37;43m8[0;1;33;93;47m8[0;33;5;40;100m%[0;30;41m8[0;1;30;90;40m8@@@@@@@@@@@@@@@@@@@@@@@@@@@@@@@@@@@@@@@@@@@@@@@@@@@@@@@@@@@@@@@@@@@@@@@@@@@@@@@@@@@@@@@@@@@@@@@@@@@@[0m
[0;1;30;90;40m@@[0;31;5;40;100m@[0;1;30;90;47m8[0;1;30;90;43mX[0;31;40m8[0;31;5;40;100mX[0;33;41m8[0;1;30;90;41m8[0;33;5;40;100m8[0;30;41m8[0;1;30;90;43m:[0;30;41m8[0;33;5;40;100m8[0;33;41m8[0;1;30;90;41m8[0;37;43m8[0;33;47m@[0;33;5;40;100m:[0;1;30;90;40m@@@@@@@@@@@@@@@@@@@@@@@@@@@@@@@@@@@@@@@@@@@@@@@@@@@@@@@@@@@@@@@@@@@@@@@@@@@@@@@@@@@@@@@@@@@@@@@@@@@@@[0m
[0;1;30;90;40m@X8[0;37;43m8[0;33;5;40;100mS[0;1;30;90;41m8[0;33;41m8[0;32;5;40;100mS[0;30;41m@[0;1;30;90;43m:[0;1;30;90;41m8[0;31;5;40;100mX[0;31;43m8[0;31;5;40;100m@S[0;30;41m8[0;1;30;90;43m8[0;1;33;93;47m8[0;1;31;91;47m8[0;33;5;40;100m8[0;31;40m%[0;1;30;90;40m8@@X@@@@X@@@@@X@@@@@X@@@@@X@@@@@X@@@@@X@@@@@X@@@@@X@@@@@X@@@@@X@@@@@X@@@@@X@@@@@X@@@@@X@@@@@X@@@@@@[0m
[0;1;30;90;40m@@[0;31;40m@[0;33;5;40;100m.[0;1;30;90;43m8[0;1;30;90;41m8[0;31;5;40;100mS[0;33;41m8[0;33;5;40;100m8[0;30;41m8[0;1;30;90;43m;[0;31;40m8[0;33;5;40;100m8[0;30;41m8[0;1;30;90;43m [0;31;5;40;100mX[0;1;30;90;41mX[0;1;30;90;43m8[0;33;47m@[0;1;30;90;43m8[0;31;5;40;100m8[0;34;40mS[0;1;30;90;40m8@@@@@@@@@@X@@@@@X@@@@@X@@@@@X@@@@@X@@@@@X@@@@@X@@@@@X@@@@@X@@@@@X@@@@@X@@@@@X@@@@@X@@@@@X@@@@@X@@[0m
[0;1;30;90;40m@88[0;33;5;40;100mX[0;1;30;90;47m8[0;33;41m8[0;1;30;90;41m8[0;32;40m8[0;33;41m8[0;31;5;40;100mS[0;1;30;90;41m8[0;1;30;90;43m:[0;30;41m8[0;1;30;90;43mS[0;1;30;90;41m8[0;33;41m8[0;31;5;40;100m@[0;1;30;90;41m8[0;33;47m8@[0;31;5;40;100m8[0;1;30;90;40m8@@@@@X@@@@@@@@@@@@@@@@@@@@@@@@@@@@@@@@@@@@@@@@@@@@@@@@@@@@@@@@@@@@@@@@@@@@@@@@@@@@@@@@@@@@@@@@@@@@[0m
[0;1;30;90;40m@@X[0;1;30;90;41m@[0;1;30;90;43m8[0;33;5;40;100mt[0;1;30;90;41m8[0;31;43m8[0;31;5;40;100mX[0;31;43m8[0;1;30;90;40m8[0;33;41m8[0;33;5;40;100m8[0;30;41m@[0;33;5;40;100m8[0;30;41m8[0;1;30;90;43m;[0;31;40mX[0;1;30;90;43m8[0;1;33;93;47m@[0;1;30;90;43m8[0;1;30;90;41m8[0;34;40m%[0;1;30;90;40m8@@@@@@@X@@@@@X@@@@@X@@@@@X@@@@@X@@@@@X@@@@@X@@@@@X@@@@@X@@@@@X@@@@@X@@@@@X@@@@@X@@@@@X@@@@@X@@@@[0m
[0;1;30;90;40m@@X8[0;33;5;40;100m.[0;37;43m8[0;31;40m8[0;31;5;40;100mS[0;31;40m8[0;1;30;90;43m;[0;1;30;90;41m8[0;33;5;40;100m8[0;30;41m@[0;1;30;90;43m%[0;1;30;90;41m8[0;33;5;40;100m8[0;31;40m8[0;31;5;40;100mS[0;1;30;90;41mX[0;33;47m8@[0;31;5;40;100m8[0;1;30;90;40m@@@@@@@@@@@@@@@@@@@@@@@@@@@@@@@@@@@@@@@@@@@@@@@@@@@@@@@@@@@@@@@@@@@@@@@@@@@@@@@@@@XXX@8@@@@@@@@@@@[0m
[0;1;30;90;40m@@@X[0;33;5;40;100m8[0;1;30;90;47m8[0;1;30;90;43m8[0;31;40m%[0;1;30;90;40m8[0;1;30;90;41m8[0;31;43m8[0;1;30;90;41m8[0;1;30;90;43m;[0;30;41m8[0;33;5;40;100m8[0;30;41m8[0;1;30;90;40m8[0;31;40m@S[0;33;5;40;100m%[0;1;33;93;47m8[0;33;5;40;100mt[0;30;41m8[0;1;30;90;40m8@@@@X@@@X@@@@@@@@XX@@@@X@@@@@X@@@@@X@@@@@X@@@@@X@@@@@X@@@@@X@@@@@X@XXXX@@88[0;30;5;40;100m8[0;31;5;40;100m@[0;30;5;40;100mX[0;33;5;40;100mXt.[0;1;30;90;47m@[0;33;47m8[0;1;33;93;47mS[0;33;5;40;100m;[0;1;30;90;40m@@@@@@@@@@@[0m
[0;1;30;90;40m@@@@[0;31;40m8[0;33;5;40;100mX[0;33;47m8[0;31;5;40;100m8[0;32;40mtt[0;31;5;40;100m@[0;32;40m@[0;1;30;90;41m8[0;33;5;40;100m8[0;30;41m8[0;1;30;90;43mt[0;31;40mX[0;32;40mX[0;31;40mt[0;1;30;90;41m8[0;33;47m88[0;31;5;40;100m8[0;1;30;90;40m@X@@@@@@X[0;33;5;40;100m:S[0;34;40m%[0;1;30;90;40m8@@X@X[0;33;5;40;100mS[0;1;30;90;47mX[0;30;5;40;100mX[0;1;30;90;40mX@@@@@@@@@@@@@@@@@@@@@@@@@@@@@@@@@@@@XXX@@8[0;31;5;40;100mX[0;33;5;40;100m8@t[0;1;30;90;47m8[0;33;47m8@XXX@@[0;1;30;90;47m8[0;1;30;90;43m8[0;1;30;90;47m8[0;1;30;90;43m8[0;1;30;90;47m8[0;1;33;93;47m8[0;33;47m8[0;1;30;90;43m8[0;31;5;40;100m8[0;31;40m@[0;1;30;90;40m8@@@@X@@@X@[0m
[0;1;30;90;40m@@@@8[0;30;41m8[0;33;5;40;100m [0;33;47m8[0;1;30;90;41m8[0;32;40m.[0;31;40m%[0;1;30;90;41m8[0;31;40m8[0;1;30;90;43m;[0;31;40m8[0;31;5;40;100mS[0;32;40mS[0;31;40m%[0;34;40m:[0;31;40m;[0;1;30;90;43m8[0;1;33;93;47m@[0;31;5;40;100m8[0;1;30;90;40mX8@SS@@@8[0;1;30;90;47m [0;1;37;97;47m8[0;33;5;40;100m%[0;1;30;90;40m@X@@@[0;34;40mt[0;33;5;40;100m.[0;37;5;47;107m%[0;1;37;97;47m8[0;33;5;40;100m8[0;31;40mt[0;1;30;90;40m8@@@@X@@@@@X@@@@@X@@@@@X@@@@@X@XXSX8[0;33;5;40;100m8S[0;1;30;90;43m8[0;33;47m88888[0;1;33;93;47m8[0;33;47m8[0;37;43m8[0;35;5;40;100mt[0;1;30;90;41m8[0;31;5;40;100m8[0;31;40m8XSSSX[0;33;5;40;100m.[0;33;47m8[0;33;5;41;101m%[0;35;5;40;100m:[0;31;40m8[0;1;30;90;40m88@@@@@@@@@@@[0m
[0;1;30;90;40m@@@@@8[0;33;5;40;100m8[0;1;30;90;43m8[0;33;5;40;100m.[0;1;30;90;41m8[0;32;40m;tt[0;1;30;90;41m8[0;32;40m@[0;1;30;90;41m8[0;31;40m@[0;32;40m%[0;34;40m:[0;31;40mt[0;33;5;40;100m:[0;1;31;91;47m8[0;1;30;90;43m8[0;1;30;90;40m8X@@[0;33;5;40;100m  [0;31;5;40;100mS[0;32;40m%[0;1;30;90;40m8[0;33;47m@[0;1;37;97;47mX8[0;33;47m8[0;33;5;40;100m8[0;31;40mX[0;30;5;40;100m8[0;1;30;90;40m@8[0;33;5;40;100m:[0;37;5;47;107mX[0;37;5;43;103m8[0;1;37;97;47m [0;33;5;40;100m8[0;34;40m%[0;1;30;90;40m8@XX@@@@X@@@@@X@@@@@X@@@@XX8[0;31;5;40;100m@[0;33;5;40;100m@%;[0;33;47m88888[0;1;31;91;47m8[0;1;30;90;43m88[0;1;30;90;41m88X[0;30;41mS[0;1;30;90;41mS[0;30;41m8[0;1;30;90;41m8[0;31;40mX[0;1;30;90;40m8[0;31;5;40;100mX[0;31;40m8[0;32;5;40;100m@[0;31;40m%[0;30;5;40;100m@[0;33;5;40;100m%[0;33;47m88[0;31;5;40;100m@[0;1;30;90;40mX8@@@@@@@@@@@@@[0m
[0;1;30;90;40m@@@@@@[0;31;40mX[0;35;5;40;100mS[0;1;30;90;43m8[0;33;47m8[0;31;5;40;100m8[0;32;40m.[0;34;40m [0;32;40m:[0;31;40mS[0;32;40mS[0;1;30;90;40m@[0;31;40m%[0;32;40m;[0;31;40m:[0;31;5;40;100m8[0;1;33;93;47m8[0;33;47m8[0;30;41m8[0;1;30;90;40m8X@[0;1;30;90;47m8[0;1;37;97;47m8[0;1;33;93;47m@[0;1;30;90;47m8[0;1;30;90;43m8[0;33;47m8[0;37;5;43;103m8[0;1;33;93;47m8[0;33;47m@[0;1;33;93;47mS[0;1;30;90;47m8[0;1;33;93;47m8[0;1;30;90;47m8[0;1;30;90;43m8[0;37;43m8[0;1;33;93;47m8[0;33;47mS[0;1;33;93;47mS[0;33;47mX[0;33;5;40;100m%[0;30;41m8[0;1;30;90;40m8[0;30;5;40;100m8[0;33;5;40;100mt[0;1;30;90;40mS@@X@@@@@@@@@@@@@@X8[0;33;5;40;100m@;[0;33;47m8@X@8[0;1;30;90;43m8[0;31;5;40;100mS[0;1;30;90;41m@XX[0;30;41mS[0;1;30;90;41m88S[0;1;30;90;43mS[0;1;30;90;41m@[0;33;5;40;100m8[0;1;30;90;41m8[0;31;5;40;100mS[0;31;43m8[0;31;5;40;100mS[0;31;43m@[0;1;30;90;43m:[0;30;41m8[0;33;5;40;100m8[0;31;40mX[0;33;5;40;100mX[0;37;43m8[0;33;47m8[0;33;41m8[0;1;30;90;41m8[0;34;40m%[0;1;30;90;40m8@@@@@@@@@X@@@@[0m
[0;1;30;90;40m@@@@@@8[0;31;40mX[0;33;5;40;100mS.[0;33;47m8[0;31;5;40;100m8[0;32;40m .[0;34;40m;[0;31;40m;[0;32;40m;[0;34;40m;:[0;32;40m.[0;30;5;40;100m8[0;33;47m88[0;1;30;90;41m8[0;34;40mt[0;33;5;40;100mt[0;30;5;40;100m8[0;1;30;90;43mS[0;33;47m8[0;1;33;93;47m@[0;33;47m@[0;1;33;93;47mX[0;1;31;91;47mXX[0;1;33;93;47m@[0;1;31;91;47mX[0;1;33;93;47m@[0;1;31;91;47m@[0;1;33;93;47m@[0;33;47m8[0;1;33;93;47mS[0;1;31;91;47mX[0;1;33;93;47mX[0;1;31;91;47mX[0;1;33;93;47mXXS[0;33;5;40;100m S[0;1;30;90;47m.[0;1;37;97;47m8[0;33;5;40;100m8[0;31;40mt[0;1;30;90;40m8@X@@@@@@@@@@@XS[0;33;5;40;100m@[0;1;30;90;47m8[0;1;33;93;47m@X[0;33;47m@[0;1;30;90;43m8[0;1;30;90;41m8[0;30;41m@[0;31;40mS@[0;1;30;90;41m8[0;31;5;40;100mX[0;31;43m8[0;31;5;40;100mS[0;31;43m8[0;33;5;40;100m8[0;33;41m8[0;31;5;40;100mS[0;33;41m@[0;31;5;40;100mX[0;33;41m@[0;1;30;90;41m8[0;33;42m8[0;30;41m@[0;33;5;40;100m8[0;30;41m8[0;33;5;40;100m8[0;31;40m8[0;30;5;40;100m@[0;1;30;90;43m8[0;1;30;90;47m8[0;33;47m8[0;1;30;90;41m8[0;1;30;90;40m8[0;34;40mS[0;30;5;40;100m8[0;1;30;90;40m@@@@@@@@X@@@@X@[0m
[0;1;30;90;40m@@@@@@88[0;31;40m@[0;33;5;40;100mX[0;1;30;90;43m8[0;1;30;90;47m8[0;33;5;40;100m8[0;31;40m;[0;32;40m.[0;34;40m:[0;31;40m:[0;32;40m:[0;31;40m:.@[0;33;47m8[0;1;31;91;47m8[0;33;5;40;100m8[0;31;40m%[0;33;5;40;100m.[0;1;37;97;47m:[0;33;47m8[0;1;33;93;47m@[0;1;31;91;47m@[0;1;33;93;47mX[0;1;31;91;47mX[0;1;33;93;47mXX[0;1;31;91;47mX[0;1;33;93;47mX[0;1;31;91;47mX[0;1;33;93;47mX[0;1;31;91;47mX[0;1;33;93;47mX[0;1;31;91;47mX[0;1;33;93;47mXX[0;1;31;91;47mX[0;1;33;93;47mX[0;1;31;91;47mX[0;1;33;93;47mSX[0;33;47m8[0;1;33;93;47m8[0;1;37;97;47m [0;1;33;93;47mX[0;31;5;40;100mS[0;33;5;40;100m [0;1;30;90;47m [0;1;30;90;40m8@@X@@@@@XX8[0;33;5;40;100mX[0;1;30;90;47m8[0;33;47m88[0;31;5;40;100mS[0;1;30;90;41m@[0;30;41mX[0;31;40mX[0;34;40mt[0;32;40m;[0;31;40m%[0;30;5;40;100m8[0;30;41m8[0;1;30;90;43m;[0;31;40m8[0;1;30;90;43mt[0;30;41m8[0;33;5;40;100m8[0;30;41m8[0;1;30;90;43m;[0;1;30;90;41m8[0;33;41m8[0;1;30;90;42m8[0;33;41mS[0;1;30;90;41m8[0;33;5;40;100m8[0;30;41m@[0;1;30;90;43mt[0;31;40m8[0;33;5;40;100m@[0;1;30;90;43m8[0;33;47mX[0;1;31;91;43m8[0;31;5;40;100mX[0;1;30;90;40m@@8@@@@@@@@@@@@@@@@[0m
[0;1;30;90;40m@@@X@@@888[0;1;30;90;41m8[0;1;30;90;43m8[0;1;30;90;47m8[0;1;30;90;43m8[0;1;30;90;41m@[0;34;40m.[0;32;40m:[0;34;40m:[0;31;40mt[0;30;5;40;100m8[0;31;40m%[0;37;43m8[0;33;47m8[0;1;30;90;43m8[0;1;30;90;47m8[0;1;33;93;47m8[0;33;47m8[0;1;33;93;47m@[0;1;31;91;47mX[0;1;33;93;47mX[0;1;31;91;47mX[0;1;33;93;47mX[0;1;31;91;47mX[0;1;33;93;47mXX[0;1;31;91;47mX[0;1;33;93;47mXXX[0;1;31;91;47mS[0;1;33;93;47mX[0;1;31;91;47mX[0;1;33;93;47mXS[0;1;31;91;47mX[0;1;33;93;47mX[0;1;31;91;47mS[0;1;33;93;47mX[0;1;31;91;47mX[0;1;33;93;47m@@[0;1;31;91;47mX[0;1;33;93;47mX@[0;33;47m88[0;1;30;90;41m8[0;1;30;90;40mX@@@@XX[0;30;5;40;100m8[0;33;5;40;100mt[0;33;47m@8[0;1;30;90;43m8[0;1;30;90;41m8[0;30;41m8[0;31;40m%[0;34;40m:;[0;31;40mt[0;1;30;90;40m8[0;1;30;90;41m8[0;30;5;40;100m@[0;33;41m8[0;33;5;40;100m8[0;30;41m8[0;33;5;40;100m8[0;1;30;90;41m8[0;33;5;40;100m8[0;30;41m@[0;1;30;90;43mS[0;30;41m8[0;33;5;40;100m8[0;30;41m8[0;1;30;90;43m%[0;1;30;90;41m88[0;33;41m8[0;1;30;90;40m8[0;33;5;40;100m8[0;33;47m88[0;33;5;40;100m:[0;1;30;90;41m8[0;1;30;90;40m88@@X@@@@@@X@@@S[0;31;40mt[0;1;30;90;40m8@@@[0m
[0;1;30;90;40m@@@@@@X@@@@[0;31;40m8[0;33;5;40;100mt[0;33;47m8[0;33;5;40;100m.[0;31;5;40;100m8[0;32;40m ;[0;1;30;90;40m8[0;1;30;90;43m8[0;33;5;40;100mX[0;1;30;90;43m8[0;1;31;91;47m@[0;1;33;93;47m8[0;1;31;91;47m8[0;1;33;93;47m8[0;1;31;91;47m@[0;1;33;93;47mX[0;1;31;91;47mX[0;1;33;93;47mXX[0;1;31;91;47mX[0;1;33;93;47m@[0;1;31;91;47mX[0;1;33;93;47mXX[0;1;31;91;47mX[0;1;33;93;47mX[0;1;31;91;47mX[0;1;33;93;47mXXS[0;1;31;91;47mX[0;1;33;93;47mXX[0;1;31;91;47mS[0;1;33;93;47mX[0;1;31;91;47mX[0;1;33;93;47mX[0;1;31;91;47mX[0;1;33;93;47m@[0;1;31;91;47mX[0;1;33;93;47m8[0;1;31;91;47m@[0;1;33;93;47m8[0;33;47m88[0;1;30;90;41m8[0;32;40m%[0;1;30;90;40m8@XS[0;33;5;40;100m8[0;33;47m8[0;1;33;93;47m@[0;33;47m8[0;1;30;90;41m%[0;31;40mX:[0;34;40m.[0;32;40m.[0;31;40m:[0;32;40m;[0;34;40m:[0;32;40m:;[0;31;40m@[0;30;5;40;100m@[0;33;41m@[0;33;5;40;100m8[0;30;41m8[0;1;30;90;43m;[0;30;41m@[0;1;30;90;43mS[0;1;30;90;41m8[0;33;5;40;100m8[0;30;41m@[0;1;30;90;43mS[0;30;41m@[0;1;30;90;43m%[0;31;40m@[0;32;5;40;100mX[0;1;30;90;43m8[0;33;47m88[0;33;41m8[0;31;5;40;100m8[0;1;30;90;40mX@@@@@@@X@@@@@@SX[0;33;5;40;100mt[0;1;30;90;40mX@@@[0m
[0;1;30;90;40m@@@@@@@@@@@8[0;1;30;90;41mX[0;33;5;40;100m@[0;1;30;90;43m8[0;1;30;90;47m8[0;1;30;90;41m8[0;30;5;40;100m@[0;1;30;90;43m8[0;33;47m88[0;1;31;91;47m@[0;1;33;93;47m8[0;1;31;91;47m8[0;33;47m8[0;1;33;93;47m@[0;1;31;91;47m@[0;1;33;93;47m@[0;1;31;91;47mX[0;1;33;93;47m@[0;1;31;91;47m@[0;1;33;93;47mX[0;1;31;91;47mX[0;1;33;93;47mX[0;1;31;91;47m@[0;1;33;93;47mX[0;1;31;91;47mX[0;1;33;93;47mXX[0;1;31;91;47mX[0;1;33;93;47mX[0;1;31;91;47mX[0;1;33;93;47mX[0;1;31;91;47mX[0;1;33;93;47mXX[0;1;31;91;47mX[0;1;33;93;47mX[0;1;31;91;47m@[0;1;33;93;47m8[0;1;31;91;47m8[0;33;47m8[0;1;31;91;47m8[0;33;47m8[0;37;5;41;101m8[0;1;33;93;47m8[0;1;31;91;47m8[0;33;47m8[0;31;5;40;100m8[0;1;30;90;40mXX[0;31;5;40;100m@[0;33;5;40;100mS[0;33;47m8[0;37;43m8[0;35;41mS[0;31;40m@[0;34;40m...[0;32;40m.[0;34;40m..[0;32;40m.[0;31;40m:%[0;30;5;40;100m8[0;33;41m8[0;30;5;40;100mX[0;33;41m8[0;31;5;40;100m@[0;33;41m8[0;31;5;40;100m@[0;33;5;40;100m8[0;30;41m8[0;1;30;90;43mt[0;30;41m@[0;1;30;90;43mX[0;1;30;90;41m8[0;33;5;40;100m8[0;31;40m8[0;33;5;40;100m@[0;33;47m88[0;33;5;41;101mt[0;35;5;40;100m:[0;1;30;90;40m8X@@@@@X@@@@@@@@X88[0;1;30;90;47m8[0;33;5;40;100mt[0;1;30;90;40mX@@[0m
[0;1;30;90;40m@@@@@@@@X@@X[0;34;40mS[0;1;30;90;40m8[0;1;30;90;41m@[0;33;5;40;100m8[0;1;30;90;43m8[0;1;30;90;47m8[0;1;30;90;43m8[0;1;31;91;47m@[0;1;33;93;47m8[0;1;31;91;47m8[0;33;47m8[0;1;33;93;47m8[0;1;31;91;47m8[0;33;47m8[0;1;33;93;47m@[0;1;31;91;47m8[0;33;47m@[0;1;31;91;47m@[0;1;33;93;47m@[0;1;31;91;47m@[0;1;33;93;47m@[0;1;31;91;47m@[0;1;33;93;47mX[0;1;31;91;47m@[0;1;33;93;47m@[0;1;31;91;47m@[0;1;33;93;47mX[0;1;31;91;47mX[0;1;33;93;47mX[0;1;31;91;47mX[0;1;33;93;47m@[0;1;31;91;47mX[0;1;33;93;47m@[0;37;5;41;101m8[0;1;33;93;47mX[0;1;31;91;47m@[0;1;33;93;47m8[0;1;31;91;47m8[0;1;33;93;47m8[0;1;31;91;47m8[0;1;33;93;47m8[0;33;47m8[0;1;31;91;47m8[0;1;33;93;47m8[0;33;47m88[0;37;43m8[0;33;5;40;100m@t[0;33;47m8[0;37;43m8[0;1;30;90;41m%[0;31;40mS.[0;34;40m.[0;32;40m.[0;31;40m.[0;32;40m.[0;34;40m.[0;31;40m:t[0;1;30;90;40m88[0;1;30;90;41m8[0;1;30;90;43m:[0;31;40m8[0;1;30;90;43mt[0;31;40m@[0;33;5;40;100m8[0;31;40m8[0;1;30;90;43m:[0;30;41m8[0;33;5;40;100m8[0;1;30;90;41m8[0;33;5;40;100m8[0;30;41m8[0;33;5;40;100m88[0;33;47m88[0;1;31;91;43m8[0;35;5;40;100m;[0;30;5;40;100m8[0;1;30;90;40m@@@@@@@@@@@@@@X@S[0;33;5;40;100mS[0;1;30;90;47m.t[0;1;33;93;47mS[0;1;37;97;47mt[0;31;5;40;100m8[0;32;40m%[0;1;30;90;40m8[0m
[0;1;30;90;40m@@@X@@@@@@@88@S[0;31;40mS[0;31;5;40;100m8[0;33;5;40;100m@%[0;1;31;91;47m8[0;33;47m8[0;1;33;93;47m8[0;37;5;41;101m8[0;33;47m8[0;1;31;91;47m8[0;1;33;93;47m8[0;1;31;91;47m8[0;33;47m8[0;1;33;93;47m8[0;1;31;91;47m@[0;1;33;93;47m8[0;1;31;91;47m@[0;1;33;93;47m@[0;1;31;91;47m@[0;1;33;93;47m8[0;1;31;91;47m@[0;1;33;93;47m@[0;1;31;91;47m@[0;1;33;93;47m8[0;1;31;91;47m@[0;1;33;93;47m8[0;1;31;91;47m@[0;1;33;93;47m8[0;1;31;91;47m@[0;1;33;93;47m@[0;1;31;91;47mX[0;1;33;93;47m8[0;1;31;91;47m8[0;1;33;93;47m8[0;1;31;91;47m8[0;33;47m88[0;37;5;41;101m8[0;1;33;93;47m8[0;33;47m8[0;37;5;41;101m8[0;1;33;93;47m8[0;33;5;41;101mS[0;37;5;40;100mS[0;1;33;93;47m8[0;1;31;91;47m8[0;1;30;90;43m8[0;31;40m8[0;34;40m:[0;31;40m.[0;34;40m.[0;32;40m.[0;34;40m.[0;32;40m.[0;34;40m:[0;31;40m:[0;32;40mt[0;34;40m;[0;31;40mt@[0;1;30;90;40m8[0;31;40mX[0;32;40mS[0;31;40m%[0;1;30;90;40m8[0;30;41m8[0;33;5;40;100m8[0;31;40m8[0;33;5;40;100m8[0;30;41m8[0;31;40m@[0;1;30;90;40m8[0;1;30;90;43m8[0;33;47m888[0;1;30;90;41m8[0;30;5;40;100m8[0;1;30;90;40mX@@@@@@@@@@@@@@@@S[0;33;5;40;100m;[0;1;37;97;47m%8[0;1;33;93;47mS[0;37;5;47;107m8[0;1;37;97;47m8[0;1;30;90;43m8[0;1;30;90;40m@@[0m
[0;1;30;90;40m@@@@@@X@@@@@@@@8[0;34;40m%[0;1;30;90;41m8[0;33;47m8[0;1;33;93;47m8[0;37;5;41;101m8[0;33;47m8[0;1;33;93;47m8[0;1;31;91;47m8[0;33;47m8[0;1;31;91;47m8[0;33;47m8[0;1;31;91;47m8[0;1;33;93;47m8[0;1;31;91;47m8[0;33;47m8[0;1;33;93;47m8[0;1;31;91;47m8[0;1;33;93;47m8[0;1;31;91;47m8[0;1;33;93;47m8[0;1;31;91;47m8[0;33;47m8[0;1;31;91;47m8[0;1;33;93;47m8[0;37;5;41;101m8[0;1;33;93;47m@[0;1;31;91;47m8[0;1;33;93;47m8[0;37;5;41;101m8[0;1;33;93;47m8[0;1;31;91;47m8[0;33;47m8[0;1;31;91;47m8[0;33;47m8[0;37;5;41;101m8[0;1;33;93;47m8[0;33;47m8[0;37;5;41;101m8[0;1;33;93;47m8[0;33;47m8[0;1;31;91;47m@[0;33;47m@8[0;1;31;91;47m8[0;1;30;90;43m8[0;1;30;90;41m8[0;31;5;40;100mS[0;33;5;40;100m8[0;31;40m%[0;34;40m:[0;32;40m.[0;31;40m.[0;34;40m.[0;32;40m:[0;34;40m:[0;31;40m:[0;32;40m;tt[0;31;40m;[0;32;40m;[0;34;40mt[0;31;40m;[0;32;40m%;[0;31;40m:[0;32;40mt[0;31;40m%[0;33;5;40;100m8@[0;37;43m8[0;33;47m8[0;1;31;91;43m8[0;35;5;40;100m%[0;1;30;90;41mX[0;1;30;90;40mX@@@X@@@@@X@@X@@XX[0;30;5;40;100m@[0;37;5;40;100m8[0;1;37;97;47m@[0;1;33;93;47mS[0;37;5;47;107m8[0;1;37;97;47m8[0;37;5;43;103m8[0;37;5;47;107m8[0;33;47m8[0;31;40m8[0;1;30;90;40m8[0m
[0;1;30;90;40m@@@@@@@@@@@@@@@8@[0;1;30;90;43m8[0;33;47m8[0;1;31;91;47m8[0;1;33;93;47m8[0;1;31;91;47m8[0;33;47m8[0;1;33;93;47m8[0;37;5;41;101m8[0;1;33;93;47m8[0;33;47m8[0;1;33;93;47m8[0;37;5;41;101m8[0;33;47m8[0;1;31;91;47m8[0;33;47m8[0;1;33;93;47m8[0;1;31;91;47m8[0;33;47m88[0;1;33;93;47m8[0;37;5;41;101m8[0;33;47m88[0;1;31;91;47m8[0;33;47m8[0;1;31;91;47m8[0;33;47m88[0;1;31;91;47m8[0;1;33;93;47m8[0;1;31;91;47m8[0;33;47m8[0;1;33;93;47m8[0;33;47m8[0;37;5;41;101m8[0;1;33;93;47m8[0;33;47m8[0;1;31;91;47m8[0;1;33;93;47m8[0;33;47m8[0;1;33;93;47m8[0;37;5;41;101m8[0;33;47m888[0;1;30;90;43m8[0;31;40m8[0;34;40m;[0;32;40m:[0;31;40m.[0;34;40m:[0;32;40m:[0;31;40m:[0;32;40m.[0;34;40m:[0;31;40m.[0;34;40m:[0;31;40m:[0;32;40m:[0;31;40m:[0;32;40mt[0;1;30;90;40m@[0;31;5;40;100m8S[0;33;5;40;100m@.[0;33;47m88[0;37;43m8[0;31;5;40;100mS8[0;30;5;40;100m8[0;31;40m@[0;1;30;90;40m8@@@@@@@@X@@@@@X8[0;33;5;40;100mt[0;1;30;90;47mt[0;1;37;97;47m88[0;1;33;93;47mX[0;37;5;47;107m8[0;37;5;43;103m8[0;37;5;47;107m88[0;1;33;93;47mX[0;1;37;97;47m%[0;33;5;40;100mX[0;31;40m%[0m
[0;1;30;90;40m@@@@X@@@@X@@@@@X[0;31;5;40;100m@[0;33;47m8[0;1;33;93;47m8[0;1;31;91;47m8[0;33;47m8[0;1;33;93;47m8[0;37;5;41;101m8[0;33;47m8[0;1;33;93;47m8[0;37;5;41;101m8[0;33;47m8[0;1;31;91;47m8[0;37;43m88[0;1;33;93;47m8[0;37;5;41;101m8[0;33;47m88[0;1;31;91;47m88[0;33;47m8[0;1;33;93;47m8[0;37;5;41;101m8[0;1;33;93;47m8[0;33;47m8[0;1;33;93;47m8[0;1;31;91;47m8[0;1;33;93;47m8[0;37;5;41;101m8[0;33;47m88[0;1;33;93;47m8[0;33;5;41;101m.[0;33;47mX[0;1;33;93;47m8[0;33;47m8[0;37;5;41;101m8[0;1;33;93;47m8[0;33;47m8[0;37;5;41;101m8[0;1;33;93;47m8[0;37;5;41;101m8[0;1;33;93;47m8[0;33;47m8[0;37;5;41;101m8[0;33;47m88[0;33;5;40;100mS[0;31;40m8[0;34;40m:[0;32;40m:[0;31;40m.[0;34;40m:[0;31;40m:t[0;1;30;90;40m88[0;31;5;40;100m@[0;33;5;40;100m8X:[0;33;47m888888[0;37;43m8[0;1;30;90;41m88[0;1;30;90;40m@@88@@@@@@@@@@@@XS@[0;33;5;40;100mt[0;1;37;97;47m.8[0;1;33;93;47mS[0;1;37;97;47m8[0;37;5;43;103m8[0;37;5;47;107m88[0;1;37;97;47mS[0;37;5;43;103m8[0;37;5;47;107m8[0;1;37;97;47m;[0;37;5;47;107m8[0;1;30;90;43m8[0;1;30;90;40m8[0m
[0;1;30;90;40m@@@@@@@@@@@@@X@[0;32;40mt[0;33;5;40;100m%[0;33;47m8[0;1;31;91;47m8[0;1;33;93;47m8[0;37;5;41;101m8[0;33;47m88[0;33;41m8[0;35;5;40;100m8[0;31;40m8[0;33;5;40;100m8[0;33;47m8[0;1;31;91;47m8[0;1;30;90;43m8[0;1;31;91;47m8[0;33;47m8[0;1;31;91;47m8[0;1;33;93;47m8[0;33;47m8[0;1;33;93;47m8[0;33;5;41;101m.[0;33;47mS8[0;1;31;91;47m88[0;33;47m8[0;1;31;91;47m8[0;33;47m8[0;1;33;93;47m8[0;37;5;41;101m8[0;33;47m88[0;1;33;93;47mX[0;1;31;91;47m8[0;33;47m8[0;37;5;41;101m8[0;33;47m8[0;1;31;91;47m8[0;1;33;93;47m8[0;33;47m8[0;1;31;91;47m8[0;33;47m8[0;1;31;91;47m8[0;1;33;93;47m8[0;33;47m8[0;37;5;41;101m8[0;1;30;90;43m8[0;35;5;40;100m%[0;1;30;90;43m8[0;33;5;40;100mtt[0;1;30;90;43m8[0;33;47m888[0;37;43m8[0;33;47m8[0;37;43m8[0;33;47m88[0;1;31;91;47m8[0;33;47m8[0;1;31;91;43m8[0;1;30;90;47m8[0;31;43m8[0;31;5;40;100mS[0;1;30;90;41m88[0;1;30;90;40m8@@@@@@@@@@@XXXX[0;30;5;40;100m8[0;33;5;40;100mX [0;1;30;90;47mS[0;1;37;97;47m;@[0;1;33;93;47mX[0;37;5;47;107m8[0;1;33;93;47mS[0;37;5;47;107m88[0;37;5;43;103m8[0;1;37;97;47mt[0;1;33;93;5;47;107m8[0;1;37;97;47m [0;1;37;97;5;43;103m8[0;1;37;97;47m [0;1;33;93;5;47;107m8[0;1;30;90;47m8[0;30;41m8[0m
[0;1;30;90;40m@@@@@@@X@@@@@@@[0;30;5;40;100m8[0;37;43m8[0;1;31;91;47m8[0;33;47m88[0;1;33;93;47m8[0;1;31;91;41m@[0;31;5;40;100m8[0;1;37;97;47m [0;37;5;47;107mt[0;33;5;40;100m.[0;31;40m;[0;1;30;90;43m8[0;33;47m8[0;1;31;91;47m8[0;33;47m8[0;1;33;93;47m8[0;37;5;41;101m8[0;33;47m8[0;37;5;41;101m8[0;33;47m8[0;1;33;93;47mX[0;33;47m8[0;1;31;91;47m8[0;1;33;93;47m8[0;33;47m8[0;37;5;43;103m8[0;1;31;91;47m8[0;33;47m8[0;1;31;91;47m8[0;1;33;93;47m8[0;37;5;41;101m8[0;1;33;93;47m8[0;33;5;41;101mS[0;1;30;90;47mS[0;1;33;93;47m8[0;33;47m8[0;1;33;93;47m8[0;37;5;41;101m8[0;33;47m8[0;1;31;91;47m8[0;1;33;93;47m8[0;33;47m8[0;1;31;91;47m8[0;33;47m8[0;1;31;91;47m8[0;1;33;93;47m8[0;33;47m8[0;1;31;91;43m8[0;35;5;40;100m [0;1;30;90;43m8[0;33;5;40;100m.%[0;1;30;90;41m8[0;33;5;40;100m@[0;1;30;90;41m8[0;31;5;40;100m@88[0;1;30;90;41m@8[0;1;30;90;40m8[0;1;30;90;41m@[0;1;30;90;40m8[0;31;40m8[0;30;5;40;100m@[0;31;40m8[0;1;30;90;40m8@@@@@XXX@8[0;30;5;40;100m8[0;31;5;40;100mX[0;33;5;40;100mX:[0;37;5;40;100m8[0;1;30;90;47m;[0;1;37;97;47m;S@8[0;1;33;93;47mX[0;1;37;97;47m8[0;1;33;93;47mX[0;37;5;47;107m8[0;1;33;93;47mX[0;37;5;47;107m8[0;37;5;43;103m8[0;1;37;97;47m.[0;37;5;47;107m8[0;1;33;93;47mS[0;1;37;97;47m [0;37;5;47;107m8[0;1;37;97;47m [0;37;5;47;107m8[0;1;33;93;47mS[0;1;37;97;47m [0;30;41m@[0m
[0;1;30;90;40m@@@X@@@@@@@X@@X[0;31;5;40;100m8[0;33;47m88[0;37;5;41;101m8[0;1;33;93;47m8[0;35;5;40;100mt[0;31;40m8[0;30;5;40;100mS[0;37;5;47;107mS[0;1;37;97;47m@[0;1;30;90;40m@[0;31;40m.[0;31;5;40;100m8[0;1;33;93;47m8[0;33;47m8[0;37;5;41;101m8[0;33;47m8[0;1;33;93;47m8[0;1;31;91;47m8[0;1;33;93;47m8[0;1;31;91;47m8[0;33;47m8[0;1;31;91;47m8[0;1;33;93;47m8[0;37;5;41;101m8[0;33;47m8[0;1;31;91;47m8[0;1;33;93;47m8[0;1;31;91;47m8[0;1;33;93;47m8[0;33;47m8[0;1;33;93;47m8[0;1;30;90;45m8[0;33;47m88[0;37;5;41;101m8[0;33;47m8[0;37;5;41;101m8[0;1;33;93;47m8[0;33;47m8[0;1;31;91;47m8[0;33;47m8[0;37;5;41;101m8[0;1;33;93;47m8[0;1;31;91;47m8[0;33;47m8[0;37;5;41;101m8[0;33;47m8[0;1;30;90;47m8[0;1;30;90;41mS[0;31;40m8[0;31;5;40;100m8[0;31;40m@[0;30;5;40;100m8[0;31;40mX[0;30;5;40;100m8[0;1;30;90;40m@@XX[0;32;40mS[0;1;30;90;40m8X88@88@XXS@[0;31;5;40;100m@[0;33;5;40;100mXt.[0;33;47m88[0;1;30;90;47m@[0;1;33;93;47mS[0;1;37;97;47m;8[0;1;33;93;47mX[0;1;37;97;47m8[0;37;5;43;103m8[0;1;37;97;47mX[0;1;33;93;47mS[0;37;5;47;107m8[0;37;5;43;103m8[0;37;5;47;107m8[0;1;33;93;47mS[0;37;5;47;107m8[0;1;33;93;47mS[0;37;5;47;107m8[0;1;33;93;47mS[0;37;5;47;107m8[0;37;5;43;103m8[0;37;5;47;107m8[0;37;5;43;103m8[0;37;5;47;107m8[0;37;5;43;103m8[0;37;5;47;107m8[0;1;33;93;47mX[0;30;41m8[0m
[0;1;30;90;40m@@@@@@@@@@@@@@S[0;31;5;40;100m8[0;37;43m8[0;1;33;93;47m8[0;33;47m8[0;37;5;41;101m8[0;31;5;40;100m8[0;32;40m::[0;36;5;40;100mt[0;1;30;90;40m8[0;31;40m..[0;31;5;40;100m@[0;33;47m8[0;1;31;91;47m8[0;33;47m8[0;1;31;91;47m8[0;33;47m88[0;1;31;91;47m8[0;33;47m8[0;1;33;93;47m8[0;37;5;41;101m8[0;33;47m8[0;1;33;93;47m8[0;1;31;91;47m8[0;1;33;93;47m8[0;33;47m8[0;1;31;91;47m8[0;33;47m8[0;37;5;41;101m8[0;1;33;93;47m8[0;33;47m8[0;37;5;41;101m8[0;1;33;93;47m8[0;1;30;90;43m8[0;1;30;90;41m8[0;31;5;40;100m@8[0;37;43m8[0;33;47m8[0;1;33;93;47m8[0;1;31;91;47m8[0;33;47m8[0;1;33;93;47m8[0;33;47m88[0;37;5;41;101m8[0;1;30;90;43m8[0;31;5;40;100m8[0;34;40mS[0;1;30;90;40m88@8X@@@@8@X@@X@8[0;31;5;40;100m@[0;33;5;40;100m8St;[0;37;43m8[0;37;5;40;100mS[0;33;47m88@[0;1;33;93;47mS%[0;1;37;97;47m [0;1;33;93;47m8@@X[0;1;37;97;47m [0;1;33;93;47mX[0;1;37;97;47mt[0;37;5;47;107m8[0;1;33;93;47mS[0;1;37;97;47m [0;1;33;93;47mX@[0;1;31;91;47mX[0;1;33;93;47m%[0;37;5;47;107m8[0;37;5;43;103m8[0;37;5;47;107m8[0;1;37;97;47m [0;37;5;47;107m8[0;1;33;93;47mS[0;37;5;47;107m8[0;1;37;97;47m  [0;1;30;90;41m8[0m
[0;1;30;90;40m@@@@@@X@@@@@@@[0;32;40mt[0;31;5;40;100mX[0;33;47m8[0;37;5;41;101m8[0;1;33;93;47m8[0;1;30;90;43m8[0;31;40mX[0;34;40m..[0;31;40m.[0;34;40m .[0;32;40m [0;31;5;40;100m@[0;33;47m8[0;1;33;93;47m8[0;33;47m8[0;1;31;91;47m8[0;37;5;43;103m8[0;37;5;41;101m8[0;1;33;93;47m8[0;1;31;91;47m8[0;33;47m8[0;1;33;93;47m8[0;1;31;91;47m8[0;33;47m8[0;1;33;93;47m8[0;33;5;41;101m;[0;1;33;93;47mX[0;33;47m8[0;1;33;93;47m8[0;1;31;91;47m8[0;33;47m8[0;1;33;93;47m8[0;1;31;91;43m8[0;31;5;40;100m8[0;35;5;40;100m [0;37;5;47;107m.[0;1;37;97;47mS[0;31;40mX[0;30;41m8[0;33;47m8[0;37;5;41;101m8[0;1;33;93;47m8[0;1;31;91;47m8[0;33;47m8[0;1;33;93;5;41;101m8[0;33;47mX8[0;33;5;40;100mt[0;31;40m8[0;30;5;40;100m8[0;1;30;90;40m@@@@@@@@@@XS@[0;31;5;40;100mX[0;33;5;40;100mX;[0;1;30;90;43m8[0;37;5;40;100mS[0;33;5;40;100mt[0;37;43m8[0;33;47m8[0;1;30;90;43m8[0;33;47m8[0;33;5;41;101mS[0;1;30;90;47m@[0;33;47m8[0;33;5;41;101mt[0;1;30;90;47m8[0;1;31;91;43m8[0;33;47m8[0;35;5;41;101m@[0;1;30;90;47m8[0;1;30;90;43m8[0;1;31;91;47m@[0;1;33;93;47m@[0;1;31;91;47mX[0;1;33;93;47m8[0;37;5;41;101m8[0;33;47m8[0;37;5;41;101m8[0;37;43m8[0;35;5;41;101m%[0;1;37;97;47mt[0;1;33;93;47mS[0;37;5;47;107m88[0;1;33;93;47mS[0;37;5;47;107m8[0;37;5;43;103m8[0;1;35;95;5;47;107m8[0;37;5;43;103m8[0;37;5;47;107m8[0;1;33;93;47m8[0;31;40m8[0m
[0;1;30;90;40m@@@@X@@@@@X@@@@[0;33;5;40;100m8[0;33;47m88[0;1;31;91;47m8[0;1;30;90;43m8[0;31;40m%[0;34;40m;[0;31;40m:[0;32;40m.[0;34;40m.[0;31;40m;[0;32;40mt[0;33;5;40;100m8[0;33;47m8[0;33;5;41;101m.[0;1;33;93;47mX[0;33;47m8[0;1;31;91;47m8[0;1;33;93;47m8[0;33;47m8[0;1;31;91;47m8[0;1;33;93;47m8[0;37;5;41;101m8[0;1;33;93;47m8[0;33;5;41;101mt[0;1;30;90;47m:[0;33;47m@8[0;37;5;41;101m8[0;33;47m8[0;1;33;93;47m8[0;33;5;41;101m [0;1;30;90;47mX[0;31;40m8[0;1;30;90;40m@[0;1;37;97;47m8[0;37;5;47;107m [0;1;30;90;47m [0;34;40m%[0;31;40mt[0;33;5;40;100mS[0;1;33;93;47m8[0;33;47m8[0;1;31;91;47m8[0;1;33;93;47m8[0;1;30;90;47m8[0;37;5;41;101m8[0;33;47m8[0;1;30;90;41m8[0;1;30;90;40m8X@@@@@@@@@[0;34;40mt[0;31;40mt[0;33;5;40;100m8t:[0;33;47m8[0;37;43m8[0;1;30;90;47m8[0;1;31;91;43m8[0;1;30;90;47m8[0;1;31;91;43m8[0;1;30;90;47m8[0;37;5;41;101m8[0;1;30;90;47m8[0;33;47m8[0;1;30;90;43m8[0;33;47m8[0;1;30;90;47m8[0;37;43m8[0;1;30;90;47m8[0;1;30;90;43m8[0;33;47m8[0;37;43m8[0;35;47m8[0;37;43m@[0;1;30;90;43m8[0;35;47m8[0;1;31;91;43m8[0;1;30;90;47m8[0;1;30;90;43m8[0;33;47m8[0;1;30;90;47m8[0;33;47m8[0;1;33;93;47mX[0;1;37;97;47m [0;37;5;43;103m8[0;37;5;47;107m8[0;1;33;93;5;47;107m8[0;1;37;97;47m [0;37;5;47;107m8[0;37;5;43;103m8[0;37;5;47;107m8[0;1;37;97;47m [0;1;31;91;47mX[0;1;30;90;40m@[0m
[0;1;30;90;40m@@@@@@@@@@@@@@[0;34;40m%[0;33;5;40;100m@[0;1;31;91;47m8[0;1;33;93;47m88[0;1;30;90;45m8[0;31;40m8[0;31;5;40;100mX[0;32;40m: .[0;1;30;90;40m8[0;30;41m8[0;33;5;40;100m%[0;1;33;93;47m8[0;1;30;90;47m8[0;33;47m8[0;1;31;91;47m8[0;1;33;93;47m8[0;33;5;41;101m%[0;1;33;93;47mX[0;33;47m8[0;1;31;91;47m8[0;33;47m88[0;1;33;93;47m@[0;33;47m8[0;1;31;91;47m8[0;1;33;93;47m8[0;33;47m8[0;37;5;41;101m8[0;33;47m8@[0;1;30;90;41m8[0;32;40m:[0;34;40m;[0;35;5;40;100m [0;1;30;90;47m8[0;30;5;40;100m8[0;32;40m:[0;31;40m:[0;31;5;40;100m8[0;33;47m8[0;1;31;91;47m8[0;33;47m8[0;37;5;41;101m8[0;33;47m88[0;1;30;90;43m8[0;1;30;90;41m8[0;34;40m%[0;1;30;90;40m8@@@@@@@XX[0;33;5;40;100m8t:[0;33;47m8[0;37;43m8[0;1;31;91;43m8[0;1;30;90;47m8[0;1;31;91;43m8[0;1;30;90;47m8[0;33;47m8[0;1;30;90;47m8[0;1;31;91;43m8[0;1;30;90;47m8[0;1;30;90;43m8[0;33;47m8[0;37;5;41;101m8[0;1;30;90;43m8[0;33;47m8[0;33;5;41;101mX[0;1;30;90;47m8[0;37;43m8[0;33;5;41;101m@[0;1;30;90;47m8[0;1;31;91;43m8[0;1;30;90;47m8[0;33;5;41;101m%[0;1;30;90;47mS[0;1;30;90;43m8[0;33;47m8[0;37;5;41;101m8[0;1;30;90;43m8[0;33;47m88[0;1;31;91;47m8[0;1;37;97;47m [0;37;5;47;107m8[0;1;33;93;47mS[0;37;5;47;107m8[0;1;37;97;5;43;103m8[0;1;37;97;47m [0;37;5;47;107m8[0;37;5;43;103m8[0;37;5;47;107m8[0;33;47m8[0;30;41m8[0m
[0;1;30;90;40m@@@@@@@@X@@@@@X[0;33;5;40;100mS[0;1;33;93;47m8[0;37;5;41;101m8[0;33;47m8[0;37;43mX[0;1;30;90;41m8[0;31;43m8[0;1;30;90;40m8[0;31;40mS8[0;1;30;90;43mX[0;31;5;40;100m8[0;37;43m8[0;1;31;91;47m8[0;1;33;93;47m8[0;37;5;41;101m8[0;1;33;93;47m8[0;33;47m8X[0;1;31;91;47m8[0;33;47m8[0;1;33;93;47m8[0;37;5;41;101m8[0;33;47m8[0;1;31;91;47m8[0;1;33;93;47m8[0;37;5;41;101m8[0;33;47m8[0;1;31;91;47m8[0;1;33;93;47m8[0;1;31;91;47m8[0;1;30;90;43m8[0;31;40m:[0;34;40m.[0;31;40m:[0;34;40m:[0;32;40m.[0;31;40m [0;34;40m.[0;32;40m.[0;31;5;40;100m8[0;33;47m8[0;1;33;93;47m8[0;33;47m88[0;33;5;41;101m;[0;33;47mX[0;31;5;40;100mX[0;1;30;90;40mX8@@@@@@XS[0;30;5;40;100m8[0;33;5;40;100mS:[0;37;43m88[0;33;5;41;101mX[0;1;30;90;47m88[0;1;30;90;43m8[0;1;30;90;47m8[0;1;31;91;43m8[0;1;30;90;47m8[0;1;31;91;43m8[0;1;30;90;47m8[0;37;43m@[0;1;31;91;47m8[0;1;30;90;43m8[0;1;30;90;47m8[0;1;31;91;43m8[0;1;30;90;47m88[0;1;31;91;43m8[0;1;30;90;47m88[0;1;30;90;43m8[0;33;47m@8[0;1;30;90;47m8[0;1;30;90;43m8[0;33;47m8[0;37;43m8[0;1;30;90;47m8[0;33;5;41;101m%[0;1;30;90;47m8[0;1;31;91;43m8[0;1;30;90;47mX[0;1;33;93;47mX[0;37;5;47;107m8[0;37;5;43;103m8[0;37;5;47;107m88[0;1;37;97;5;43;103m8[0;37;5;47;107m88[0;1;37;97;47m [0;33;5;41;101m%[0;30;5;40;100m@[0m
[0;1;30;90;40m@@@X@@@@@@@@@X[0;31;5;40;100mX[0;33;47m88[0;1;33;93;47m8[0;37;5;41;101m8[0;33;47m8[0;33;5;40;100m8[0;1;30;90;41m8[0;1;30;90;43mX[0;33;5;40;100m8[0;1;30;90;41m88[0;1;30;90;43m8[0;33;47m88[0;1;31;91;47m8[0;33;47m8[0;1;31;91;47m8[0;33;47m8[0;1;33;93;47m8[0;1;31;91;47m8[0;1;33;93;47m8[0;33;5;41;101mt[0;1;33;93;47mS[0;33;47m88[0;1;31;91;47m8[0;1;33;93;47m8[0;33;47m8[0;1;33;93;47m8[0;37;5;41;101m8[0;33;47m8[0;31;40m@[0;34;40m.[0;32;40m.:[0;31;40m.[0;34;40m.[0;31;40m;t[0;32;40m:[0;31;5;40;100m8[0;37;43m8[0;37;5;41;101m8[0;33;47m88@[0;1;30;90;43m8[0;31;5;40;100m8[0;1;30;90;40mS@@@X@@@S[0;31;5;40;100mS[0;1;30;90;43m8[0;1;30;90;47m8[0;1;31;91;43m8[0;1;30;90;47m8[0;33;5;40;100m.[0;33;47m8[0;1;30;90;43m8[0;1;31;91;47m8[0;33;47m8[0;37;43m8[0;1;30;90;47m8[0;1;31;91;43m8[0;1;30;90;47m@[0;37;43m@[0;1;30;90;43m8[0;1;30;90;47m8[0;33;5;41;101m%[0;1;30;90;47mS[0;33;47m8[0;1;30;90;43m8[0;33;47m8[0;33;5;40;100m [0;1;31;91;43m8[0;33;47m88[0;35;5;41;101mX[0;33;47m8[0;1;30;90;43m8[0;1;31;91;47m8[0;37;43m8[0;35;5;41;101mX[0;33;47m8[0;1;30;90;47m8[0;1;30;90;43m8[0;1;30;90;47m8[0;1;33;93;47m8S[0;1;37;97;47m [0;37;5;47;107m8[0;37;5;43;103m8[0;37;5;45;105m8[0;37;5;47;107m8[0;1;31;91;5;43;103m8[0;37;5;47;107m88[0;33;5;40;100m@[0;34;40m%[0m
[0;1;30;90;40m@@@@@@@@@@@S@8[0;33;5;40;100mX[0;33;47m8[0;37;5;41;101m8[0;1;33;93;47m8[0;33;47m8[0;1;31;91;47m8[0;33;47m8[0;1;30;90;43m8[0;1;30;90;41mX8[0;32;5;40;100mS[0;1;30;90;43m@[0;33;47m8[0;1;31;91;47m8[0;1;33;93;47m8[0;33;47m8[0;1;33;93;47m8[0;1;31;91;47m8[0;1;33;93;47m8[0;37;5;41;101m8[0;33;47m88[0;1;33;93;47mS[0;33;47m8[0;1;31;91;47m8[0;37;5;43;103m8[0;33;47m8[0;37;5;41;101m8[0;1;33;93;47m8[0;37;5;41;101m8[0;1;33;93;47m8[0;33;5;40;100m%[0;31;40mS%[0;1;30;90;40m@[0;31;40m.[0;32;40m.[0;34;40m.[0;1;30;90;40m8[0;1;30;90;41m8[0;32;40m:[0;31;5;40;100mS[0;33;47m88[0;37;5;41;101m8[0;33;47m88[0;1;30;90;41m8[0;1;30;90;40m@@@@@@@@S[0;31;5;40;100m@[0;33;5;40;100mt[0;37;43m8[0;1;30;90;43m8[0;1;30;90;47m8[0;33;5;41;101mS[0;1;30;90;47m8[0;37;43m8[0;1;31;91;47m8[0;1;30;90;43m8[0;33;47m8[0;33;5;41;101mS[0;1;30;90;47m8[0;33;47m8[0;1;30;90;43m8[0;1;31;91;47m8[0;33;47m8[0;37;43m8[0;1;30;90;47m8[0;1;30;90;43m8[0;33;47m8[0;35;5;41;101m%[0;33;47m88[0;1;30;90;47m8[0;33;5;41;101mX[0;1;30;90;47m8[0;37;43m8[0;1;30;90;43m8[0;33;47m@[0;37;43m8[0;1;30;90;47m8[0;37;43m8[0;1;30;90;43m8[0;33;47m88[0;33;5;41;101mt[0;1;30;90;47mS[0;1;33;93;47m%[0;1;37;97;47m [0;37;5;47;107m8[0;1;33;93;5;47;107m8[0;37;5;43;103m8[0;37;5;47;107m88[0;1;33;93;47mXS[0;1;30;90;41m@[0;1;30;90;40mX[0m
[0;1;30;90;40m@@@@@X@@X8[0;33;5;40;100m:[0;1;30;90;47m%[0;1;37;97;47mS[0;33;5;40;100mS[0;1;30;90;43m8[0;33;47m@[0;1;31;91;47m8[0;33;47m8[0;1;31;91;47m8[0;1;33;93;47m8[0;33;47m88[0;1;30;90;43m8[0;33;47m8[0;1;30;90;43m8[0;33;47m@[0;1;31;91;47m8[0;1;33;93;47m8[0;33;5;41;101m;[0;33;47mX[0;1;31;91;47m8[0;1;33;93;47m8[0;37;5;41;101m8[0;1;33;93;47m8[0;33;47m8[0;1;31;91;47m8[0;1;33;93;47m8[0;1;31;91;47m8[0;1;33;93;47m8[0;37;5;41;101m8[0;1;33;93;47m8[0;33;47m8[0;1;31;91;47m8[0;33;47m88[0;1;30;90;43m8[0;30;41m8[0;31;5;40;100mX[0;31;40m8[0;32;40mt[0;34;40m:[0;31;40mt[0;31;5;40;100mS[0;31;40m@[0;32;40m@[0;1;30;90;43m8[0;1;33;93;47m8[0;1;31;91;47m8[0;33;47m8[0;1;31;91;43m8[0;1;30;90;47m8[0;1;30;90;41mX[0;34;40m%[0;1;30;90;40m8@@@@@X@[0;33;5;40;100mS:[0;33;47m8[0;37;5;41;101m8[0;1;30;90;47m8[0;1;30;90;43m8[0;33;47m8[0;1;31;91;43m8[0;1;30;90;47m8[0;33;47m8[0;35;5;40;100m.[0;33;47m8[0;1;30;90;43m8[0;1;31;91;47m8[0;33;47m8[0;1;30;90;43m8[0;35;47m8[0;1;31;91;43m8[0;33;47m8[0;37;5;41;101m8[0;1;30;90;47m8[0;37;43m8[0;1;30;90;43m8[0;1;31;91;47m8[0;1;30;90;43m8[0;1;30;90;47m8[0;1;30;90;43m8[0;1;30;90;47m8[0;37;5;41;101m8[0;33;47m8[0;33;5;41;101m@[0;1;30;90;47m8[0;1;30;90;43m8[0;1;31;91;47m@[0;1;30;90;43m8[0;1;30;90;47m8[0;33;47m8@[0;1;37;97;47m [0;1;33;93;5;47;107m8[0;1;37;97;47m  [0;37;5;47;107m8[0;37;5;43;103m8[0;1;37;97;47m [0;37;5;47;107m8[0;37;5;41;101m8[0;1;30;90;40m@@[0m
[0;1;30;90;40m@@@@@@X[0;31;5;40;100mS[0;1;30;90;47mS[0;1;37;97;47m8[0;37;5;47;107mX[0;1;37;97;47m8[0;37;5;47;107m%[0;33;47m8[0;1;30;90;43m8[0;1;31;91;47m@[0;33;47m88[0;1;31;91;47m8[0;33;47m8[0;37;5;41;101m8[0;1;33;93;47m8[0;1;31;91;47m8[0;33;47m8[0;1;31;91;47m8[0;1;33;93;47m8[0;1;31;91;47m8[0;33;47m8[0;1;33;93;47mX[0;33;47m8[0;1;31;91;47m8[0;33;47m88[0;1;30;90;43m8[0;1;30;90;41m8[0;1;30;90;43m8[0;1;31;91;47m8[0;1;33;93;47m8[0;1;31;91;47m8[0;33;47m8[0;1;31;91;47m8[0;1;33;93;47m8[0;33;47m8[0;1;33;93;47m8[0;37;5;41;101m8[0;33;47mX[0;1;30;90;41m8[0;1;30;90;43m%[0;33;5;40;100m8[0;31;5;40;100m8[0;33;5;40;100m8[0;33;41m@[0;31;5;40;100mS[0;32;40m8[0;37;43m8[0;1;31;91;47m@[0;33;47m8[0;37;43m8[0;33;47m8@[0;1;30;90;41m8[0;1;30;90;40m8@@@X@@@S[0;33;5;40;100mX:[0;33;47m8[0;1;30;90;43m8[0;33;47m8[0;1;30;90;43m8[0;33;47m@[0;35;47m8[0;37;43m8[0;1;30;90;43m8[0;37;5;41;101m8[0;33;47m8[0;33;5;41;101mX[0;1;30;90;47m8[0;1;30;90;43m8[0;35;47m8[0;1;31;91;43m8[0;33;47m8[0;1;30;90;47m8[0;1;30;90;43m8[0;33;47m8[0;1;30;90;43m8[0;1;30;90;47m8[0;33;47m8[0;37;43m8[0;33;47m8[0;33;5;41;101mS[0;1;30;90;47m8[0;1;30;90;43m8[0;33;47m8[0;33;5;40;100m [0;33;47m8[0;1;31;91;43m8[0;1;30;90;47m8[0;33;47m8[0;37;5;41;101m8[0;37;43m8[0;33;47m8[0;1;37;97;47m [0;37;5;47;107m8[0;37;5;43;103m8[0;37;5;41;101m8[0;1;31;91;47m8[0;1;33;93;47m8[0;1;35;95;47mS[0;1;37;97;5;43;103m8[0;1;37;97;47m [0;33;5;40;100mX[0;31;40mX[0;1;30;90;40m8[0m
[0;1;30;90;40m@@@X@X[0;33;5;40;100m [0;1;37;97;47m8[0;37;5;47;107mt[0;1;33;93;47mS[0;37;5;47;107m;[0;1;37;97;5;43;103m8[0;37;5;47;107m88[0;1;30;90;43m8[0;33;47m8[0;33;5;41;101m%[0;33;47m@8[0;1;33;93;47m8[0;1;31;91;47m8[0;33;47m8[0;1;31;91;47m8[0;1;33;93;47m8[0;1;31;91;47m8[0;33;47m88[0;1;31;91;47m8[0;33;47m8[0;1;33;93;47m8[0;1;31;91;47m8[0;37;5;43;103m8[0;1;31;91;47m8[0;1;33;93;47m8[0;1;31;91;47m@[0;33;47m88[0;1;31;91;47m8[0;1;33;93;47m8[0;33;47m8[0;1;33;93;47m8[0;37;5;41;101m8[0;1;33;93;47m8[0;37;5;41;101m8[0;1;33;93;47mX[0;33;47m8[0;1;30;90;43m8[0;1;30;90;41m8[0;33;5;40;100m8[0;31;43m8[0;33;5;40;100m8[0;30;41m8[0;33;5;40;100m8[0;1;30;90;43m8[0;33;47m@8[0;33;5;41;101mt[0;1;30;90;47m8[0;1;31;91;47m8[0;1;30;90;43m8[0;33;5;40;100m [0;1;30;90;47m;[0;33;5;40;100m:@[0;31;40m;[0;1;30;90;40m8@@X@[0;33;5;40;100m;[0;1;30;90;43m8[0;35;47m8[0;1;31;91;43m8[0;1;30;90;47m8[0;37;5;41;101m8[0;1;30;90;43m8[0;37;43m8[0;37;5;41;101m8[0;1;30;90;47m8[0;1;30;90;43m8[0;1;30;90;47m8[0;33;47m8[0;37;43m8[0;33;47m8[0;1;31;91;43m8[0;1;30;90;47m8[0;1;30;90;43m8[0;1;31;91;47m8[0;33;47m8[0;33;5;41;101m@[0;1;30;90;47m8[0;33;5;41;101m%[0;1;30;90;47m8[0;33;5;41;101mX[0;1;30;90;47m88[0;37;43m@[0;1;31;91;47m8[0;1;30;90;43m8[0;1;31;91;47m8[0;33;47m8[0;1;30;90;47m8[0;33;5;41;101mS[0;1;30;90;47m8[0;1;30;90;43m8[0;33;47m8[0;1;31;91;47m8[0;1;33;93;47m@[0;1;31;91;47m@8[0;33;47m8[0;1;31;91;43m8[0;1;30;90;47m8[0;1;33;93;47mS[0;1;35;95;47mX[0;1;33;93;47m8[0;30;41m8[0;1;30;90;40m8@[0m
[0;1;30;90;40m@@@@[0;31;5;40;100mS[0;1;30;90;47m%[0;1;37;97;47m88[0;1;37;97;5;43;103m8[0;37;5;47;107m%X8[0;1;37;97;5;43;103m8[0;37;5;47;107m88[0;33;47m8[0;37;5;40;100mS[0;33;47m8[0;33;5;41;101mt[0;1;30;90;47m8[0;33;47m8[0;1;31;91;47m8[0;1;33;93;47m8[0;1;31;91;43m8[0;1;33;93;47mS[0;1;31;91;47m8[0;1;33;93;47m8[0;1;31;91;43m8[0;33;47m8[0;37;5;41;101m8[0;33;47m88[0;1;31;91;47m8[0;33;47m8[0;1;33;93;47m8[0;37;5;41;101m8[0;1;33;93;47m8[0;33;47m8[0;37;5;41;101m8[0;1;33;93;47m8[0;37;5;41;101m8[0;33;47m@[0;1;31;91;47m8[0;1;33;93;47m8[0;1;31;91;47m8[0;1;33;93;47m8[0;1;31;91;47m@[0;33;47m8[0;1;30;90;43m8[0;33;5;40;100m.[0;1;30;90;43m8[0;33;5;40;100m:[0;33;47m8[0;1;31;91;47m8[0;33;47m88@88[0;33;5;40;100m%[0;33;47mS[0;37;5;47;107m8[0;1;37;97;47m8X[0;1;33;93;47mS[0;33;5;40;100m [0;30;5;40;100m8[0;1;30;90;40mXS[0;31;5;40;100m@[0;33;5;40;100m.:[0;1;30;90;43m8[0;1;30;90;47m8[0;1;30;90;43m8[0;33;47m@[0;1;31;91;47m8[0;1;30;90;43m8[0;1;30;90;47m8[0;1;31;91;43m8[0;1;30;90;47m8[0;1;31;91;43m8[0;1;30;90;47m8[0;33;5;41;101mX[0;1;30;90;47m88[0;37;43m@[0;33;47m8[0;1;30;90;43m8[0;1;30;90;47m8[0;33;47m8[0;37;43m8[0;1;30;90;47m8[0;1;30;90;43m8[0;1;30;90;47m8[0;1;30;90;43m8[0;33;47m8[0;1;31;91;43m8[0;1;30;90;47m8[0;33;47m8[0;1;30;90;43m8[0;1;31;91;47m8[0;1;30;90;43m8[0;1;30;90;47m@[0;37;43m@[0;33;47m8[0;33;5;41;101mX[0;1;30;90;47m@[0;33;47m88[0;1;30;90;43m8[0;1;30;90;47m8[0;33;47m8[0;1;31;91;47m8[0;1;30;90;43m8[0;1;30;90;47m8[0;35;5;40;100m:[0;31;40m8[0;30;5;40;100m8[0;1;30;90;40mX[0m
[0;1;30;90;40m@@%8[0;32;5;40;100mX[0;1;30;90;47m8[0;37;5;47;107mS%S%[0;1;37;97;5;43;103m8[0;37;5;47;107m88[0;1;33;93;5;47;107m8[0;37;5;47;107m88[0;1;37;97;47m;[0;33;47m88[0;1;30;90;43m8[0;33;47m88[0;1;31;91;47m8[0;33;47m@8[0;1;31;91;47m8[0;33;47m8[0;1;33;93;47m@[0;1;31;91;47m8[0;37;43m8[0;1;31;91;43m8[0;33;47m@[0;1;30;90;43m8[0;37;5;41;101m8[0;33;5;40;100m:[0;33;47m8[0;33;5;41;101mS[0;33;47mX888[0;1;31;91;43m8[0;1;30;90;47mX[0;33;47m8[0;1;31;91;47m8[0;33;47m8[0;1;33;93;47m8[0;1;31;91;47m8[0;1;33;93;47m8[0;1;31;91;47m8[0;1;33;93;47m8[0;1;31;91;47m8[0;33;47m88[0;37;5;41;101m8[0;33;47m8[0;1;31;91;47m8[0;37;43m8[0;33;5;41;101m8[0;1;30;90;47m8[0;1;37;97;47m.[0;1;33;93;47mX[0;1;37;97;47m%[0;1;33;93;47mS[0;37;5;47;107m8[0;1;37;97;47m@S[0;33;5;40;100m%[0;1;30;90;40m8[0;33;5;40;100m@[0;35;5;40;100m:[0;33;5;40;100m:[0;1;30;90;47m8[0;33;5;41;101m@[0;1;30;90;47m8[0;1;30;90;43m8[0;1;30;90;47m8[0;33;5;41;101m%[0;1;30;90;47mS[0;33;47m8[0;37;43m8[0;1;30;90;47m8[0;1;30;90;43m8[0;1;30;90;47m8[0;1;31;91;43m8[0;33;47m8[0;33;5;41;101m@[0;1;30;90;47m8[0;33;5;41;101mS[0;1;30;90;47m8[0;1;31;91;43m8[0;1;30;90;47m8[0;1;31;91;43m8[0;1;30;90;47m8[0;37;43m@[0;37;5;41;101m8[0;33;47m8[0;1;30;90;47m8[0;1;31;91;43m8[0;1;30;90;47m8[0;37;43m8[0;33;5;40;100m.[0;33;47m8[0;1;31;91;43m8[0;1;30;90;47m8[0;1;30;90;43m8[0;1;30;90;47m8[0;1;31;91;43m8[0;1;30;90;47m8[0;33;5;41;101mS[0;1;30;90;47m8[0;1;31;91;43m8[0;35;5;40;100m. [0;1;30;90;45m8[0;33;47m8[0;1;30;90;41m8[0;1;30;90;40m8[0;34;40mS[0;1;30;90;40m8[0m
[0;1;30;90;40m@@@S[0;33;5;40;100m [0;37;5;47;107m:t;[0;1;33;93;5;47;107m8[0;37;5;47;107m88[0;1;33;93;5;47;107m8[0;37;5;47;107m88[0;1;33;93;5;47;107m8[0;37;5;47;107m8[0;1;33;93;5;47;107m8[0;37;5;47;107m8[0;1;37;97;47m [0;1;31;91;43m8[0;1;30;90;47m8[0;33;5;41;101mt[0;33;47mX8[0;1;31;91;47m8[0;1;33;93;47m8[0;37;5;41;101m8[0;33;47m8[0;1;33;93;47m8[0;33;47m@[0;1;33;93;47mX[0;1;31;91;47m8[0;1;33;93;47m@[0;33;47m8[0;1;33;93;47m8[0;1;31;91;47m8[0;33;47mX[0;37;43m8[0;33;5;41;101m@[0;33;5;40;100m [0;37;43m8[0;33;47m@[0;1;31;91;47m8[0;1;33;93;47m8[0;33;47m8[0;37;5;41;101m8[0;1;33;93;47m8[0;33;47m8[0;1;31;91;47m8[0;33;47m88[0;37;43m8[0;37;5;41;101m8[0;33;47m88[0;37;43m8[0;33;47m8[0;37;43m8[0;35;5;40;100m%[0;1;37;97;47m:t[0;1;33;93;47m%[0;1;37;97;47m%%[0;1;33;93;47mX[0;1;37;97;47m@[0;1;33;93;47mS[0;37;5;47;107m@[0;33;5;40;100m:[0;31;5;40;100m@[0;33;5;40;100m;[0;1;30;90;43m8[0;1;30;90;45m8[0;33;5;40;100m.[0;1;30;90;43m8[0;35;47m8[0;1;30;90;43m8[0;33;47m@[0;1;30;90;43m8[0;33;47m8[0;33;5;41;101mS[0;1;30;90;47m8[0;37;43m8[0;33;47m8[0;1;30;90;47m8[0;1;30;90;43m8[0;1;30;90;47m8[0;1;30;90;43m8[0;1;30;90;47m8[0;1;30;90;43m8[0;1;30;90;47m8[0;1;30;90;43m8[0;1;30;90;47m8[0;33;5;41;101mt[0;1;30;90;47mS[0;1;30;90;43m8[0;33;47m8[0;1;30;90;43m8[0;1;30;90;47m8[0;33;5;41;101mS[0;1;30;90;47m8[0;33;5;41;101mt[0;1;30;90;47mX[0;33;47m8[0;1;31;91;43m8[0;1;30;90;47m8[0;33;47m8[0;37;5;40;100m:[0;33;47m8[0;33;5;40;100m [0;37;43m8[0;35;5;40;100m;[0;37;5;40;100m:[0;1;30;90;43m8[0;33;47m8[0;35;5;40;100m%[0;31;40m8[0;1;30;90;40m88@[0m
[0;1;30;90;40m@@X[0;33;5;40;100mS[0;1;37;97;47m8[0;37;5;47;107m;ttX[0;1;37;97;5;43;103m8[0;37;5;47;107m88[0;1;37;97;5;43;103m8[0;37;5;47;107m88[0;37;5;43;103m8[0;37;5;47;107m8888[0;1;33;93;47mX[0;1;30;90;47m8[0;1;30;90;43m8[0;33;47m8[0;37;43m8[0;33;47m88[0;37;5;41;101m8[0;33;47m8[0;37;5;41;101m8[0;33;47m8[0;1;33;93;47m8[0;37;5;41;101m8[0;1;33;93;47m8[0;37;5;41;101m8[0;1;33;93;47m@[0;33;47m8[0;1;31;91;47m@[0;1;33;93;47mX[0;1;31;91;47m8[0;1;33;93;47m8[0;1;31;91;47m8[0;1;33;93;47m8[0;37;5;41;101m8[0;1;33;93;47m8[0;33;47m8[0;37;5;41;101m8[0;33;47m88[0;33;5;41;101mt[0;1;30;90;47m8[0;33;47m88[0;33;5;41;101m%[0;1;30;90;47mX[0;37;5;41;101m8[0;1;30;90;43m8[0;35;5;40;100m.[0;1;37;97;47m.%[0;1;33;93;47mX[0;1;37;97;47m;[0;37;5;43;103m8[0;1;37;97;47m:%[0;1;33;93;47mS[0;37;5;47;107m8[0;1;33;93;47mS[0;37;5;47;107m8[0;1;30;90;43m8[0;35;5;40;100mt[0;33;5;40;100m;[0;1;30;90;43m8[0;1;30;90;47m8[0;1;30;90;43m88[0;35;47m8[0;1;30;90;43m8[0;1;31;91;47m8[0;37;5;40;100m%[0;33;47m8[0;1;31;91;43m8[0;1;30;90;47m8[0;33;5;41;101mS[0;1;30;90;47m8[0;1;31;91;43m8[0;1;30;90;47m8[0;37;43m8[0;33;5;41;101mS[0;1;30;90;47m8[0;1;31;91;43m8[0;1;30;90;47m8[0;33;47m88[0;1;30;90;43m8[0;33;47m8[0;35;5;41;101mS[0;1;30;90;47m8[0;37;43m@[0;1;30;90;47m8[0;1;30;90;43m8[0;33;47m@[0;1;30;90;43m8[0;1;30;90;47m8[0;37;43m8[0;35;5;41;101m@[0;33;47m8[0;1;31;91;43m8[0;1;30;90;47m8[0;1;30;90;43m8[0;1;30;90;45m8[0;1;30;90;43m8[0;1;30;90;45m8[0;1;30;90;43m8[0;1;30;90;45m8[0;33;5;40;100m8[0;1;30;90;40mX8@@[0m
[0;1;30;90;40m@@X[0;1;30;90;47m:[0;37;5;47;107m%%[0;1;33;93;5;47;107m8[0;37;5;47;107mSX8[0;1;37;97;5;43;103m8[0;37;5;47;107m88[0;1;37;97;5;43;103m8[0;37;5;47;107m88[0;1;33;93;5;47;107m8[0;37;5;47;107m8[0;1;37;97;5;43;103m8[0;1;37;97;47m  [0;1;33;93;47m%[0;1;37;97;47m  [0;1;31;91;43m8[0;1;30;90;47m8[0;1;30;90;43m8[0;33;47m@88[0;37;5;41;101m8[0;33;47m88[0;1;31;91;47m8[0;33;47m8[0;1;31;91;47m8[0;1;33;93;47m8[0;33;47m8[0;1;31;91;47m8[0;33;47m8[0;1;31;91;47m8[0;33;47m8[0;37;43m8[0;33;47m8[0;33;5;41;101mS[0;1;30;90;47m@[0;33;47m8[0;33;5;41;101mS[0;1;30;90;47m%[0;33;47m88[0;33;5;41;101mt[0;1;30;90;47m:[0;33;47m8[0;1;30;90;43m8[0;1;30;90;47m8X[0;1;37;97;47m%[0;1;33;93;47mS[0;1;37;97;47m;t;;%[0;37;5;43;103m8[0;1;37;97;47m.;[0;1;33;93;47mS[0;1;37;97;47m:%[0;1;33;93;47mX[0;35;5;40;100m%[0;31;5;40;100mS[0;35;5;40;100mt[0;1;30;90;45m8[0;1;30;90;43m88[0;35;47m8[0;1;30;90;43m88[0;1;30;90;47m8[0;33;5;40;100m:[0;33;47m8[0;1;30;90;43m8[0;1;30;90;47m8[0;33;47m8[0;33;5;41;101mX[0;1;30;90;47m88[0;37;43m8[0;1;30;90;47m8[0;33;5;41;101m%[0;1;30;90;47m8[0;1;30;90;43m8[0;1;31;91;47m@[0;33;47m88[0;1;30;90;43m8[0;1;31;91;47m8[0;1;30;90;43m8[0;33;47m88[0;35;5;41;101mX[0;33;47m8[0;33;5;40;100m:[0;33;47m8[0;33;5;40;100m:[0;37;5;40;100m;[0;1;30;90;43m8[0;1;30;90;45m8[0;1;30;90;43m8[0;1;30;90;47m8[0;1;30;90;43m8[0;1;30;90;45m8[0;1;30;90;43m8[0;31;40m8[0;1;30;90;40m@@@@[0m
[0;1;30;90;40m@X[0;31;5;40;100mS[0;1;37;97;47m8[0;37;5;47;107m%[0;37;5;43;103m@[0;37;5;47;107mSt%[0;1;33;93;5;47;107m8[0;37;5;47;107m88[0;1;37;97;5;43;103m8[0;37;5;47;107m8888[0;1;37;97;5;43;103m8[0;37;5;47;107m8[0;1;33;93;47mS[0;37;5;47;107m888@S8[0;33;47m8[0;1;30;90;45m8[0;1;31;91;43m8[0;37;5;40;100m%[0;33;47m8[0;33;5;41;101m%[0;1;30;90;47m@[0;33;47m88[0;37;43m8[0;37;5;41;101m8[0;33;47m88[0;37;43m8[0;33;47m8[0;33;5;41;101mt[0;1;30;90;47m8[0;33;47m8[0;1;30;90;47m8[0;1;31;91;43m8[0;1;30;90;47mS[0;33;47m8[0;37;43m8[0;33;47m888[0;1;30;90;43m8[0;33;5;40;100m [0;1;37;97;47m ;[0;1;33;93;47mS[0;1;37;97;47m:;[0;37;5;43;103m8[0;1;37;97;47m [0;37;5;43;103m8[0;1;37;97;47m [0;37;5;47;107m8[0;1;37;97;47m [0;37;5;47;107m8[0;37;5;43;103m8[0;1;37;97;47m [0;37;5;47;107m8[0;1;33;93;47m8[0;35;5;40;100mS[0;33;47m8[0;33;5;40;100mt[0;33;41m8[0;33;5;40;100m [0;1;30;90;47m8[0;31;45m8[0;1;30;90;43m8[0;35;5;40;100m.[0;1;30;90;45m8[0;1;31;91;43m8[0;1;30;90;47m8[0;1;30;90;43m8[0;35;47m8[0;1;31;91;43m8[0;1;30;90;47m8[0;33;5;40;100m.[0;37;43m8[0;1;31;91;43m8[0;1;30;90;47m8[0;1;30;90;43m8[0;33;47m@[0;37;43m8[0;33;47m8[0;1;30;90;43m8[0;1;31;91;47m8[0;1;30;90;43m8[0;1;30;90;47m8[0;37;43m@[0;1;31;91;47m8[0;1;30;90;43m8[0;1;30;90;47m8[0;1;30;90;43m8[0;33;47m8[0;1;30;90;43m8[0;1;30;90;45m8[0;37;43m@[0;1;30;90;45m8[0;1;30;90;43m8[0;1;30;90;47m8[0;31;5;40;100mS[0;35;5;40;100mt[0;1;30;90;43m8[0;35;5;40;100m.[0;1;30;90;41m8[0;34;40mS[0;1;30;90;40m8@@@[0m
[0;1;30;90;40m@S[0;33;5;40;100mt[0;37;5;47;107m%[0;1;33;93;47mS[0;37;5;47;107mt%S@88[0;1;33;93;5;47;107m8[0;37;5;47;107m88[0;37;5;43;103m8[0;37;5;47;107m8[0;1;33;93;5;47;107m8[0;37;5;47;107m888[0;1;37;97;5;43;103m8[0;37;5;47;107m8[0;1;33;93;5;47;107m8[0;37;5;47;107m8[0;1;33;93;5;47;107m8[0;37;5;47;107m888[0;1;33;93;47mS[0;1;30;90;47m88X[0;1;30;90;43m8[0;33;5;40;100m:[0;33;5;41;101m@[0;37;5;40;100mt[0;33;5;40;100m;[0;1;30;90;43m8[0;37;5;41;101m8[0;1;30;90;43m8[0;1;30;90;47m8[0;37;43m8[0;1;30;90;43m88[0;1;30;90;47m8[0;1;30;90;43m8[0;1;30;90;47m8[0;1;30;90;43m8[0;1;30;90;47m8[0;33;5;41;101m@[0;37;5;40;100mS[0;1;30;90;47m8[0;1;37;97;47m ;[0;1;33;93;47mS[0;1;37;97;47m;;[0;37;5;43;103m8[0;1;37;97;47m  [0;37;5;47;107m8[0;1;37;97;47m [0;37;5;43;103m8[0;1;37;97;47m [0;37;5;43;103m8[0;1;37;97;47m [0;37;5;47;107m8[0;1;33;93;47mX[0;1;37;97;47m [0;1;33;93;47mS[0;1;30;90;41m8[0;31;5;40;100m8S[0;33;5;40;100m.t[0;1;30;90;43m8[0;33;5;40;100m  [0;37;43m8[0;33;5;40;100m: [0;1;30;90;43m8[0;1;30;90;45m8[0;1;30;90;43m8[0;37;5;40;100mt[0;1;30;90;43m8[0;33;47m8[0;35;5;40;100m.[0;33;47m8[0;1;31;91;43m8[0;1;30;90;47m8[0;1;30;90;43m8[0;1;31;91;47m8[0;33;5;40;100m.[0;33;47m8[0;1;30;90;43m8[0;35;47m8[0;1;31;91;43m8[0;1;30;90;47m8[0;1;30;90;43m8[0;37;45m8[0;1;31;91;43m8[0;1;30;90;47m8[0;35;5;40;100mS[0;1;30;90;43m8[0;33;5;40;100m [0;1;30;90;43m8[0;37;5;40;100m.[0;1;30;90;45m8[0;1;30;90;43m8[0;33;5;40;100m.[0;33;5;41;101mX[0;37;5;40;100m@[0;1;30;90;41m8[0;1;30;90;40mX88@@@[0m
[0;1;30;90;40m@X[0;33;5;40;100m [0;1;33;93;47mX[0;1;30;90;47m%[0;37;5;47;107m8[0;1;37;97;5;43;103m8[0;37;5;47;107m8[0;1;33;93;5;47;107m8[0;37;5;47;107m888[0;1;33;93;5;47;107m8[0;37;5;47;107m88[0;37;5;43;103m8[0;37;5;47;107m88[0;37;5;43;103m8[0;37;5;47;107m88[0;1;33;93;5;47;107m8[0;37;5;47;107m8[0;1;33;93;5;47;107m8[0;37;5;47;107m8[0;1;33;93;5;47;107m8[0;37;5;47;107m8[0;1;37;97;5;43;103m8[0;37;5;47;107m88[0;1;33;93;47mS[0;37;5;47;107m8[0;1;37;97;47mtSXt;:: [0;1;33;93;47mS[0;1;37;97;47m       ;X [0;37;43m8[0;1;33;93;47mS[0;1;37;97;47m t[0;37;5;43;103m8[0;1;37;97;47m [0;37;5;47;107m8[0;1;33;93;47mS[0;1;37;97;47m [0;37;5;43;103m8[0;1;37;97;47m  [0;37;5;47;107m8[0;1;37;97;47m [0;1;33;93;47mS[0;1;37;97;47m   .[0;33;47m8[0;33;5;40;100mt[0;33;47m8[0;31;5;40;100m@S[0;35;5;40;100m:[0;1;30;90;43m8[0;1;30;90;45m8[0;1;30;90;43m8[0;1;30;90;45m8[0;1;30;90;43m8[0;1;30;90;45m8[0;37;43m@[0;35;5;40;100m.[0;1;30;90;43m8[0;37;45m8[0;1;31;91;43m8[0;37;5;40;100mt.[0;1;30;90;47m8[0;1;31;91;43m8[0;1;30;90;47m8[0;1;30;90;43m8[0;35;47m8[0;1;31;91;43m8[0;1;30;90;47m8[0;1;30;90;43m8[0;35;5;40;100m [0;1;30;90;43m8[0;1;30;90;45m8[0;1;30;90;43m8[0;37;5;40;100mt[0;1;30;90;43m8[0;1;30;90;45m8[0;37;43m8[0;1;30;90;45m8[0;1;30;90;43m8[0;1;30;90;47m8[0;1;31;91;43m8[0;35;5;40;100m [0;1;30;90;47m8[0;35;5;40;100m;[0;1;30;90;41m@[0;34;40mt[0;1;30;90;40m8@@@@@[0m
[0;1;30;90;40m@@[0;33;5;40;100m 8[0;1;30;90;47m8[0;1;37;97;47mS[0;37;5;47;107m8[0;1;37;97;5;43;103m8[0;37;5;47;107m8[0;1;33;93;5;47;107m8[0;37;5;47;107m888[0;1;37;97;5;43;103m8[0;37;5;47;107m8[0;37;5;41;101m8[0;37;5;47;107m888[0;1;33;93;5;47;107m@[0;37;5;47;107m88[0;1;33;93;5;47;107m8[0;1;35;95;47mS[0;1;33;93;47m8[0;37;5;47;107m888[0;1;37;97;5;43;103m8[0;37;5;47;107m88[0;1;37;97;5;43;103m8[0;37;5;47;107m8[0;1;33;93;47mS[0;1;37;97;47m%[0;1;33;93;47mX[0;1;37;97;47m;[0;1;33;93;47mX[0;1;37;97;47m.[0;1;33;93;47m%[0;1;37;97;47m   [0;1;33;93;47m%[0;1;37;97;47m.[0;37;5;43;103m8[0;37;5;47;107m8[0;1;33;93;47mS[0;1;37;97;47m:[0;1;33;93;47mS[0;1;37;97;47m; [0;1;30;90;43m8[0;1;37;97;47m ;[0;37;5;47;107m8[0;1;33;93;47mX[0;1;37;97;47m   [0;37;5;47;107m8[0;1;33;93;47mS[0;1;37;97;47m [0;1;33;93;47mX[0;1;37;97;47m  [0;1;37;97;5;43;103m8[0;1;37;97;47m [0;1;33;93;5;47;107m8[0;1;37;97;47m [0;1;33;93;47mX[0;35;5;40;100mS[0;37;43m8[0;33;47m8[0;1;31;91;43m8[0;35;5;40;100m@[0;33;5;40;100m;[0;1;30;90;43m8[0;35;47m8[0;1;30;90;43m8[0;1;30;90;47m8[0;1;30;90;43m8[0;1;30;90;45m8[0;1;30;90;43m8[0;1;30;90;45m8[0;1;30;90;43m8[0;37;5;40;100mS[0;33;5;40;100m:[0;1;31;91;43m8[0;35;5;40;100m [0;37;5;40;100m%[0;35;5;40;100m;[0;1;30;90;43m8[0;35;5;40;100m. [0;33;5;40;100m:[0;1;30;90;45m8[0;37;43m8[0;1;30;90;45m8[0;37;43m@[0;35;5;40;100m.[0;33;5;40;100m..[0;1;30;90;43m8[0;1;30;90;45m8[0;1;30;90;43m8[0;1;30;90;45m8[0;1;30;90;43m8[0;35;5;40;100m..[0;1;30;90;43m8[0;1;30;90;41m8[0;34;40m%[0;30;5;40;100m8[0;1;30;90;40m@@@@X@[0m
[0;1;30;90;40m@88[0;31;40mX[0;1;30;90;47m8[0;1;33;93;47m@[0;1;37;97;47m.[0;37;5;47;107m888[0;1;33;93;5;47;107m8[0;37;5;47;107m8[0;1;33;93;5;47;107m8[0;37;5;47;107m8[0;1;31;91;47m@[0;37;5;47;107m88[0;1;33;93;5;47;107m@[0;37;5;47;107m88[0;1;33;93;5;47;107m8[0;37;5;47;107m8[0;1;37;97;47m [0;1;33;93;47mX[0;37;5;47;107m8[0;1;33;93;5;47;107m8[0;37;5;47;107m8[0;37;5;43;103m8[0;37;5;47;107m88[0;1;37;97;5;43;103m8[0;37;5;47;107m88[0;1;33;93;5;47;107m8[0;37;5;47;107m8[0;1;37;97;47m%[0;37;5;47;107m8[0;1;33;93;47mX[0;1;37;97;47m.:[0;1;33;93;47m%[0;1;37;97;47m.[0;37;5;43;103m8[0;37;5;47;107m8[0;1;37;97;47m  [0;1;33;93;47mS[0;1;37;97;47m [0;37;5;47;107m8[0;1;33;93;47mS[0;1;37;97;47m:;[0;1;33;93;47mSX[0;1;37;97;47m [0;1;33;93;47mS[0;1;37;97;47m [0;37;5;47;107m8[0;37;5;43;103m8[0;1;37;97;47m [0;1;33;93;47mS[0;1;37;97;47m [0;37;5;47;107m8[0;1;33;93;47mX[0;37;5;47;107m8[0;1;33;93;47mS[0;1;37;97;47m   [0;1;33;93;47mS[0;1;37;97;47m [0;33;5;41;101m8[0;1;30;90;47m8[0;33;47m88[0;1;30;90;43m8[0;31;45m8[0;33;5;40;100m;[0;1;30;90;43m8[0;1;30;90;45m8[0;1;30;90;43m8[0;1;30;90;45m8[0;1;30;90;43m8[0;1;30;90;47m8[0;1;30;90;43m8[0;1;30;90;45m8[0;1;30;90;43m8[0;37;5;40;100m%[0;35;5;40;100m [0;37;5;40;100m:[0;1;30;90;43m8[0;1;30;90;45m8[0;37;43m8[0;1;30;90;45m8[0;1;30;90;43m8[0;33;47m8[0;33;5;40;100m%[0;35;5;40;100m;[0;1;30;90;43m8[0;1;30;90;45m8[0;1;30;90;43m8[0;37;45m8[0;1;30;90;43m8[0;1;30;90;45m8[0;1;30;90;43m8[0;37;5;40;100m:[0;1;30;90;43m8[0;1;30;90;45m8[0;1;30;90;43m8[0;1;30;90;45m8[0;1;30;90;41m8[0;1;30;90;40m@8X@@@@@@[0m
[0;1;30;90;40m@@@@[0;33;5;40;100m8.[0;1;33;93;47m%[0;37;5;47;107m8[0;1;37;97;5;43;103m8[0;37;5;47;107m88[0;1;33;93;5;47;107m8[0;37;5;47;107m8[0;1;33;93;47mX[0;1;37;97;47m [0;37;5;47;107mXS@S88888[0;1;33;93;5;47;107m8[0;37;5;47;107m888[0;1;33;93;5;47;107m8[0;37;5;47;107m88[0;1;33;93;5;47;107m8[0;37;5;47;107m88[0;1;37;97;5;43;103m8[0;37;5;47;107m8[0;1;37;97;5;43;103m8[0;37;5;47;107m8[0;1;33;93;5;47;107m8[0;37;5;47;107m88[0;1;33;93;5;47;107m8[0;1;37;97;47m  [0;37;5;43;103m8[0;37;5;47;107m8[0;1;33;93;47mSX[0;1;37;97;47m .[0;1;37;97;5;43;103m8[0;1;37;97;47m   [0;1;33;93;47mX[0;1;37;97;47m  [0;37;5;43;103m8[0;37;5;47;107m8[0;1;37;97;47m [0;37;5;47;107m8[0;37;5;43;103m8[0;1;37;97;47m  [0;1;33;93;47mS[0;37;5;47;107m8[0;1;33;93;47mS[0;1;31;91;47m@[0;1;33;93;47m@[0;35;47m8[0;33;41m8[0;35;5;40;100m.[0;37;43m8[0;33;5;41;101mt[0;1;30;90;47m8[0;33;47m8[0;37;43m8[0;31;5;40;100m@[0;33;5;40;100m:;.[0;37;43m8[0;1;30;90;45m8[0;1;30;90;43m8[0;1;30;90;45m8[0;1;30;90;43m8[0;1;30;90;45m8[0;1;30;90;43m8[0;1;30;90;45m8[0;1;30;90;43m8[0;37;45m8[0;1;30;90;43m8[0;35;5;40;100m;[0;1;30;90;43m8[0;1;30;90;45m8[0;1;30;90;43m8[0;1;30;90;45m8[0;1;30;90;43m8[0;1;30;90;47m8[0;1;30;90;43m8[0;1;30;90;45m8[0;1;30;90;43m8[0;33;5;40;100m [0;37;43m8[0;1;30;90;45m8[0;1;30;90;43m8[0;1;30;90;45m8[0;1;30;90;43m8[0;35;5;40;100mX[0;30;41m8[0;1;30;90;40m@@@@@@@@@@[0m
[0;1;30;90;40m@@@X[0;31;40mX8[0;33;5;40;100m:[0;1;37;97;47m [0;37;5;47;107m8[0;37;5;43;103m8[0;37;5;47;107m88[0;1;33;93;5;47;107m8[0;1;31;91;47m@[0;37;5;47;107m8[0;1;33;93;5;47;107m8[0;37;5;47;107mX%[0;1;33;93;5;47;107m@[0;37;5;47;107m8[0;1;33;93;5;47;107m%[0;37;5;47;107m@[0;1;33;93;5;47;107m8[0;37;5;47;107m88[0;1;33;93;5;47;107m8[0;37;5;47;107m888[0;1;37;97;5;43;103m8[0;37;5;47;107m88[0;1;37;97;5;43;103m8[0;37;5;47;107m88[0;1;33;93;5;47;107m8[0;37;5;47;107m888[0;1;37;97;5;43;103m8[0;37;5;47;107m88[0;1;33;93;5;47;107m8[0;37;5;47;107m8[0;1;37;97;47m   [0;1;31;91;47m@[0;1;37;97;47m : [0;37;5;47;107m8[0;37;5;43;103m8[0;1;35;95;47mS[0;1;31;91;43m8[0;37;5;47;107m8[0;1;37;97;47m   [0;37;5;43;103m8[0;1;37;97;47m  [0;37;5;47;107m8[0;37;5;43;103m8[0;1;37;97;47m  [0;37;5;47;107m8[0;33;5;41;101mX[0;35;5;40;100m@[0;33;5;40;100mX;[0;1;30;90;43m8[0;1;30;90;47m8[0;33;47m88[0;37;5;41;101m8[0;33;47m8[0;37;43m8[0;1;30;90;41m8[0;33;5;40;100m.[0;1;30;90;43m8[0;1;30;90;45m8[0;1;30;90;43m8[0;35;5;40;100m [0;1;30;90;43m8[0;1;30;90;47m8[0;1;30;90;43m8[0;1;30;90;45m8[0;37;43m8[0;35;5;40;100m;[0;1;30;90;43m8[0;1;30;90;45m8[0;1;30;90;43m8[0;1;30;90;47m8[0;1;30;90;43m8[0;1;30;90;45m8[0;37;43m8[0;1;30;90;45m8[0;1;30;90;43m8[0;1;30;90;45m8[0;1;30;90;43m8[0;1;30;90;47m8[0;31;5;41;101m8[0;37;5;40;100mS[0;1;30;90;43m8[0;37;5;40;100mt[0;33;5;40;100m%[0;1;30;90;41m@[0;1;30;90;40m@8@@@@@@@X@@[0m
[0;1;30;90;40m@@@@88[0;1;30;90;41m@[0;33;5;40;100mX[0;1;37;97;47m  [0;37;5;43;103m8[0;37;5;47;107m8[0;1;37;97;47m [0;1;31;91;47m8[0;37;5;47;107m88[0;1;33;93;5;47;107mX[0;37;5;47;107m8[0;1;33;93;5;47;107m@[0;37;5;47;107m8@[0;1;33;93;5;47;107m@[0;37;5;47;107m8[0;1;33;93;5;47;107m@[0;37;5;47;107m888[0;1;33;93;5;47;107m8[0;37;5;47;107m88[0;1;33;93;5;47;107m8[0;37;5;47;107m88[0;1;33;93;5;47;107m8[0;37;5;47;107m88[0;1;33;93;5;47;107m8[0;37;5;47;107m8[0;1;33;93;5;47;107m8[0;37;5;47;107m8[0;1;33;93;5;47;107m8[0;37;5;47;107m88[0;37;5;43;103m8[0;37;5;47;107m8[0;1;33;93;47mX[0;37;5;47;107m8[0;1;33;93;47m8[0;1;31;91;47m8[0;1;37;97;47m%[0;37;5;43;103m8[0;1;37;97;47m  [0;1;33;93;47mS[0;35;5;40;100m [0;1;37;97;47m.[0;37;5;43;103m8[0;37;5;47;107m8[0;1;33;93;47mS[0;1;37;97;47m [0;37;5;47;107m8[0;37;5;43;103m8[0;1;35;95;47mX[0;1;37;97;47m [0;37;5;47;107m8[0;37;5;43;103m8[0;1;37;97;47m [0;33;5;40;100mS[0;1;30;90;43m8[0;33;5;40;100m:[0;33;47m8[0;1;31;91;47m8[0;33;47m8[0;37;5;41;101m8[0;33;47m888[0;37;5;41;101m8[0;33;5;40;100m;t[0;1;30;90;45m8[0;1;30;90;43m8[0;1;30;90;47m8[0;1;31;91;45m8[0;33;5;40;100m.;[0;35;5;40;100m:[0;1;30;90;43m8[0;1;30;90;45m8[0;1;30;90;43m8[0;35;5;40;100m.[0;37;43m8[0;1;30;90;45m8[0;1;30;90;43m8[0;1;30;90;45m8[0;1;30;90;43m8[0;35;5;40;100m.[0;1;30;90;43m8[0;1;30;90;45m8[0;37;43m@[0;35;5;40;100m;[0;33;5;40;100mt[0;37;5;40;100m%[0;33;5;40;100m:[0;35;5;40;100mt[0;1;30;90;41m8[0;30;41m8[0;1;30;90;40m8@@@@X@@@@@@@[0m
[0;1;30;90;40m@@@@@@X[0;31;40m8[0;31;5;40;100m8[0;37;5;40;100m;[0;1;37;97;47m [0;1;33;93;47mS[0;1;37;97;47m [0;33;47m8[0;37;5;47;107m8[0;1;33;93;5;47;107m8[0;37;5;47;107m8[0;1;33;93;5;47;107m@[0;37;5;47;107m8[0;1;33;93;5;47;107m@[0;1;37;97;47m [0;37;5;47;107m8[0;1;33;93;5;47;107m8[0;37;5;47;107m88888888[0;1;33;93;5;47;107mX[0;37;5;47;107m88[0;1;33;93;5;47;107m8[0;37;5;47;107m888888[0;1;37;97;5;43;103m8[0;37;5;47;107m88[0;1;33;93;47mS[0;1;37;97;47m [0;1;33;93;47mS[0;1;37;97;47m [0;1;30;90;43m8[0;1;37;97;47m  [0;37;5;47;107m8[0;1;33;93;47mX[0;1;37;97;47m [0;1;30;90;43m8[0;1;37;97;47m  [0;1;33;93;47m%[0;1;37;97;47m  [0;1;33;93;47mS[0;1;37;97;47m [0;1;33;93;5;47;107m8[0;1;33;93;47m%[0;1;37;97;47m  [0;33;5;41;101mt[0;1;30;90;47m8[0;33;47m8[0;37;5;41;101m8[0;33;47m88[0;37;43m8[0;33;47m8[0;1;31;91;43m8[0;1;30;90;47m8[0;1;31;91;43m8[0;1;30;90;47mS[0;33;47m8[0;33;41m8[0;33;5;40;100m..[0;1;30;90;43m8[0;37;5;40;100m%[0;1;30;90;43m8[0;1;30;90;45m8[0;1;30;90;43m8[0;1;30;90;47m8[0;1;30;90;43m8[0;1;30;90;45m8[0;1;30;90;43m8[0;1;30;90;45m8[0;1;30;90;43m8[0;35;5;40;100m.[0;37;43m8[0;1;30;90;45m8[0;1;30;90;43m8[0;1;30;90;47m8[0;1;30;90;43m8[0;1;30;90;45m8[0;1;30;90;43m8[0;35;5;40;100mt[0;1;30;90;41m88[0;31;40m8[0;30;5;40;100m8[0;1;30;90;40m8@@@@@@@@X@@@@[0m
[0;1;30;90;40m@@@@@@888[0;30;41mX[0;1;30;90;41mX[0;35;5;40;100m:[0;1;37;97;47m [0;33;47m8[0;1;37;97;47m;[0;37;5;47;107m8[0;1;33;93;5;47;107m8[0;37;5;47;107m8[0;1;33;93;5;47;107m8[0;37;5;47;107m8[0;37;5;43;103m8[0;1;37;97;47m [0;37;5;47;107m8[0;1;33;93;5;47;107m8[0;37;5;47;107m8[0;1;33;93;5;47;107mX[0;37;5;47;107m8[0;1;33;93;5;47;107mX[0;37;5;47;107m8[0;1;33;93;5;47;107mS[0;37;5;47;107m88[0;1;33;93;5;47;107mX[0;37;5;47;107m888[0;1;33;93;5;47;107mX[0;37;5;47;107m8[0;1;33;93;5;47;107mX[0;37;5;47;107m888[0;1;33;93;5;47;107m8[0;37;5;47;107m8[0;1;37;97;47m [0;37;5;47;107m8[0;1;33;93;47mS[0;1;37;97;47m [0;1;31;91;47m8[0;1;37;97;47m;[0;1;33;93;47mS[0;1;37;97;47m  [0;1;33;93;47mX[0;1;30;90;45m8[0;1;37;97;47mt[0;1;33;93;47m%[0;37;5;47;107m8[0;37;5;43;103m8[0;37;5;47;107m8[0;1;37;97;47m   [0;37;5;47;107m8[0;37;5;43;103m8[0;35;47m8[0;1;30;90;43m8[0;33;47m888[0;33;5;41;101m;[0;1;30;90;47mX[0;33;47m8[0;1;31;91;47m8[0;33;47m@88[0;37;43m8[0;1;31;91;47m8[0;33;5;40;100m:[0;1;30;90;43m8[0;37;45m8[0;1;30;90;43m8[0;35;5;40;100m.[0;33;47m8[0;33;5;40;100m;[0;1;30;90;45m8[0;1;30;90;43m8[0;1;30;90;45m8[0;37;43m8[0;35;5;40;100m:[0;1;30;90;43m8[0;35;47m8[0;1;30;90;43m8[0;1;30;90;45m8[0;1;30;90;43m8[0;1;30;90;45m8[0;1;30;90;43m8[0;1;30;90;45m8[0;1;30;90;43m8[0;1;30;90;41m8[0;31;40m8[0;1;30;90;40m888@@@@X@@@@@@@@@@[0m
[0;1;30;90;40m@@@@@X@@88@[0;30;41m8[0;31;5;40;100m@[0;1;30;90;41m@[0;1;33;93;47m@[0;37;5;47;107m88[0;1;33;93;5;47;107m8[0;1;37;97;47m [0;37;5;47;107m8[0;1;31;91;47mX[0;1;37;97;47m [0;1;33;93;5;47;107m8[0;37;5;47;107m8[0;1;33;93;5;47;107m8[0;37;5;47;107m8[0;1;33;93;5;47;107m@[0;37;5;47;107m8[0;1;33;93;5;47;107mX[0;37;5;47;107m8[0;1;33;93;5;47;107mX[0;37;5;47;107m88[0;1;33;93;5;47;107m@[0;37;5;47;107m8[0;1;33;93;5;47;107mS[0;37;5;47;107m8[0;1;33;93;5;47;107mX[0;37;5;47;107m8[0;1;33;93;5;47;107mX[0;37;5;47;107m8[0;1;33;93;5;47;107m@[0;37;5;47;107m8[0;1;33;93;5;47;107m8[0;1;33;93;47mS[0;1;37;97;47m   [0;33;47m8[0;1;37;97;47m.;[0;37;5;43;103m8[0;37;5;47;107m8[0;1;31;91;47m8[0;1;30;90;43m8[0;37;5;47;107m8[0;1;33;93;47mX[0;1;37;97;47m  [0;1;33;93;47mS[0;37;5;47;107m8[0;37;5;43;103m8[0;1;37;97;47m [0;1;31;91;47mX8[0;1;30;90;43m8[0;1;30;90;47m8[0;33;5;41;101m:[0;33;47m@8@8[0;33;5;41;101mt[0;1;30;90;47m;[0;37;43m@[0;1;31;91;47m8[0;33;47m8[0;37;5;41;101m8[0;33;47m8[0;37;43m8[0;1;30;90;41mS8[0;31;5;40;100mSX@[0;33;5;40;100mSS[0;35;5;40;100m%[0;1;30;90;43m8[0;35;5;40;100mX[0;33;5;40;100mS[0;31;5;40;100mX@S[0;33;5;40;100m8[0;31;5;40;100m88[0;1;30;90;41m@[0;31;40mX[0;1;30;90;40m8@88@@@@@@@@@@X@@@@X@[0m
[0;1;30;90;40m@@@@@@@@X@@@@@[0;1;30;90;41mX[0;33;47m@[0;1;37;97;47m  [0;1;37;97;5;43;103m8[0;37;5;47;107m8[0;1;33;93;47mX[0;1;31;91;47m8[0;37;5;47;107m888[0;1;33;93;5;47;107m8[0;37;5;47;107m8[0;1;33;93;5;47;107m8[0;37;5;47;107m88[0;1;33;93;5;47;107m@[0;37;5;47;107m8[0;1;33;93;5;47;107m8[0;37;5;47;107m88[0;1;33;93;5;47;107m@[0;37;5;47;107m888[0;1;33;93;5;47;107mX[0;37;5;47;107m8[0;1;33;93;5;47;107m@[0;37;5;47;107m8[0;1;35;95;47m%[0;1;33;93;5;47;107m8[0;1;37;97;47m [0;1;37;97;5;43;103m8[0;1;31;91;47m@[0;33;47m@[0;1;37;97;47m;; [0;1;33;93;47mS[0;33;5;40;100m [0;1;37;97;47m [0;1;33;93;47m%[0;1;37;97;47m [0;37;5;47;107m8[0;1;33;93;47mS[0;1;37;97;47m [0;1;33;93;47mS[0;1;31;91;47m88[0;37;43m8[0;33;47m8[0;37;5;41;101m8[0;33;47m8@8[0;1;31;91;47m8[0;33;47m888[0;37;43m8[0;33;47m8[0;1;31;91;43m8[0;1;30;90;47m8[0;33;47m88[0;1;31;91;43m8[0;34;5;40;100mS[0;31;40mt[0;1;30;90;40m8@[0;30;41m8[0;30;5;40;100m8[0;30;41m8[0;1;30;90;41m@[0;31;40mX[0;31;5;40;100m8[0;31;40m@[0;30;5;40;100m8[0;31;40m8[0;1;30;90;40m8[0;31;40m@[0;1;30;90;40m8@88@@@@@@@@@@@@@@@@@@@@@[0m
[0;1;30;90;40m@@@X@@@@@@@@@X@[0;1;30;90;41m8[0;33;47m@[0;1;37;97;47m    [0;33;47m8[0;1;33;93;47m@[0;1;37;97;47m [0;37;5;43;103m8[0;1;35;95;47m%[0;37;5;47;107m88[0;1;37;97;5;43;103m8[0;37;5;47;107m88[0;1;33;93;5;47;107m8[0;37;5;47;107m8[0;1;37;97;5;43;103m8[0;37;5;47;107m88[0;1;33;93;5;47;107m8@[0;37;5;47;107m8[0;1;33;93;5;47;107m@[0;37;5;47;107m88[0;37;5;43;103m8[0;1;37;97;47m  [0;37;5;47;107m8[0;1;31;91;47mX[0;1;30;90;47m@[0;1;33;93;47mX%[0;1;37;97;47m.[0;1;33;93;47mS[0;1;31;91;47m8[0;1;37;97;47m.t;[0;37;5;43;103m8[0;1;31;91;47mXX[0;37;5;41;101m8[0;33;47m88[0;1;31;91;43m8[0;1;30;90;47m8[0;37;43m8[0;33;47m88[0;33;5;41;101mS[0;1;30;90;47m@[0;37;43m8[0;37;5;41;101m8[0;33;47m88[0;33;5;41;101mt[0;1;30;90;47m@[0;33;47m88[0;33;5;41;101mt[0;1;30;90;47mX[0;33;47m8[0;1;30;90;41m8[0;1;30;90;40m@@888@[0;34;40mX[0;1;30;90;40m8[0;32;40mS[0;1;30;90;40m88888@@@@@@@@@@@@@@X@@@@@@X@@@[0m
[0;1;30;90;40m@@@@@@@@@@@@@@X@[0;1;30;90;41mX[0;1;30;90;47m8[0;1;37;97;47m:[0;1;37;97;5;43;103m8[0;1;37;97;47m [0;1;33;93;47m%[0;35;5;41;101m@[0;1;37;97;47m% [0;1;33;93;47m%[0;1;37;97;5;43;103m8[0;1;37;97;47m  [0;1;33;93;5;47;107m8[0;37;5;47;107m8[0;1;31;91;47mS[0;37;5;47;107m8[0;1;31;91;47mX[0;37;5;47;107m8[0;1;33;93;5;47;107m8[0;37;5;47;107m88[0;1;33;93;5;47;107m8[0;37;5;47;107m8[0;1;37;97;5;43;103m8[0;1;35;95;47mS[0;37;5;47;107m8[0;37;5;43;103m8[0;1;37;97;47m [0;1;33;93;47mS[0;1;37;97;47m [0;33;47m@[0;35;47m8[0;1;37;97;47m.[0;1;33;93;47mS[0;33;47m8[0;37;5;40;100m;[0;1;30;90;43m8[0;1;37;97;47m [0;1;31;91;43m8[0;35;5;40;100m%[0;1;30;90;43m8[0;33;47m88[0;33;5;41;101mS[0;1;30;90;47m8[0;33;47m@[0;37;5;41;101m8[0;33;47m8[0;33;5;41;101mS[0;1;30;90;47mX[0;33;47m@888[0;33;5;41;101m%[0;1;30;90;47mS[0;33;47m88[0;33;5;41;101m%[0;1;30;90;47m%[0;33;47m8[0;37;43m88[0;31;5;40;100m8[0;34;40mt[0;1;30;90;40m8@@@@888@@@@@@@@@@@@@@@@X@@@@@@@X@@@@@[0m
[0;1;30;90;40m@@@@@@@X@@@@@@@XX[0;30;41m8[0;33;5;40;100m8[0;35;47m@[0;1;37;97;47m ;[0;1;33;93;47mX[0;1;30;90;47m8[0;1;37;97;47m   [0;37;5;47;107m8[0;1;33;93;47mX[0;1;35;95;47m@[0;37;5;43;103m8[0;37;5;47;107m8[0;1;33;93;47m@[0;1;37;97;47m [0;1;33;93;47mS[0;1;37;97;47m [0;1;33;93;5;47;107m8[0;37;5;47;107m8[0;1;31;91;47mS[0;37;5;47;107m8[0;1;37;97;47m [0;37;5;43;103m8[0;1;37;97;47m [0;37;5;47;107m8[0;1;37;97;47m  [0;1;31;91;47m8[0;33;47m8[0;1;37;97;47m:[0;1;33;93;47m8[0;1;30;90;45m8[0;1;30;90;43m88[0;1;30;90;45m8[0;1;30;90;43m8[0;33;5;40;100m [0;33;47m8[0;1;31;91;47m8[0;37;43m8[0;1;30;90;47m8[0;33;47m888[0;37;43m8[0;1;30;90;47m8[0;33;47m88[0;37;43m8[0;37;5;41;101m8[0;33;47m88@[0;37;43m8[0;33;47m88[0;1;30;90;47m8[0;37;43m@[0;33;47m8[0;33;5;41;101m%[0;1;30;90;47m8[0;30;41m8[0;30;5;40;100m8[0;1;30;90;40mX@@@@@@@@@@@@@@@@@X@@X@@@@@@@X@@@@@@@@[0m
[0;1;30;90;40m@@@@X@@@@@@@@@@@@8[0;31;40m@[0;1;30;90;41m8[0;1;30;90;43m8[0;33;47m@[0;1;37;97;47m [0;1;33;93;47m@X[0;1;37;97;47m [0;37;5;43;103m8[0;1;37;97;47m  [0;37;5;47;107m8[0;1;33;93;47mS[0;1;37;97;47m  [0;37;5;47;107m8[0;1;33;93;47mX[0;1;37;97;47m  [0;1;37;97;5;43;103m8[0;1;37;97;47m [0;1;33;93;47mS[0;37;5;47;107m8[0;1;37;97;47m  [0;37;5;43;103m8[0;1;31;91;47m@[0;1;33;93;47m@[0;1;37;97;47m [0;1;33;93;47mX[0;33;5;40;100m;[0;33;5;41;101mX[0;33;47m@8[0;1;31;91;47m8[0;1;30;90;43m8[0;33;47m8[0;1;31;91;47m8[0;37;43m8[0;33;47m8[0;33;5;41;101mS[0;1;30;90;47m8[0;1;31;91;43m8[0;1;30;90;47m8[0;33;5;41;101mS[0;1;30;90;47m8[0;1;31;91;43m8[0;1;30;90;47m8[0;33;5;41;101m;[0;1;30;90;47m%[0;37;43m8[0;33;5;41;101mS[0;1;30;90;47m8[0;33;47m8[0;33;5;41;101m%[0;1;30;90;47m8[0;1;31;91;43m8[0;33;47m@[0;37;5;41;101m8[0;1;30;90;47m8[0;33;47m8[0;1;30;90;43m8[0;31;5;40;100m@[0;32;40m%[0;1;30;90;40m8@@@@@@@@@@@@X@@@@@@@@@@@@X@@@@@@@@@@@[0m
[0;1;30;90;40m@@@@@@@@@@X@@@@@@@@8[0;33;47m8[0;1;31;91;43m8[0;35;5;40;100m:X[0;1;30;90;41m@[0;1;30;90;47m8[0;1;35;95;47mS[0;37;5;43;103m8[0;37;5;47;107m8[0;1;33;93;47m8[0;1;37;97;47m [0;37;5;47;107m8[0;37;5;43;103m8[0;1;37;97;47m [0;37;5;47;107m8[0;37;5;43;103m8[0;1;35;95;5;47;107m8[0;1;33;93;47mS[0;1;37;97;47m [0;37;5;47;107m8[0;1;31;91;5;43;103m8[0;37;5;47;107m8[0;1;31;91;47mX[0;35;47m@[0;1;33;93;47mS[0;1;37;97;47m [0;1;30;90;43m8[0;1;30;90;45m8[0;33;47m888[0;33;5;41;101m%[0;1;30;90;47m%[0;1;30;90;43m8[0;33;5;40;100m.[0;33;47m8[0;33;5;41;101m%[0;1;30;90;47mX[0;33;47m8888[0;33;5;40;100m.[0;1;30;90;43m8[0;33;47mX8888[0;1;30;90;47m8[0;1;31;91;43m8[0;1;30;90;47m@[0;33;47m88@8[0;37;43m88[0;33;47m8[0;33;5;40;100m.[0;1;30;90;41m@[0;34;40mX[0;1;30;90;40m8@@@@@@@@@@X@@@@X@@@@@X@@@@@@@@@@@X@@@[0m
[0;1;30;90;40m@@@@@@@@@@@@@X@@@@@[0;31;40mS[0;33;5;40;100m;[0;33;47mX8[0;1;31;91;43m8[0;33;5;40;100m;[0;31;43m@[0;1;30;90;43m8[0;37;45m8[0;1;33;93;47m8[0;1;37;97;47m  [0;37;5;43;103m8[0;37;5;47;107m8[0;1;37;97;47m   [0;37;5;43;103m8[0;37;5;47;107m8[0;1;33;93;47mS[0;1;37;97;47m [0;1;35;95;47mX[0;1;31;91;43m8[0;1;30;90;47mX[0;33;47m@[0;1;30;90;47m8[0;33;5;41;101mS[0;1;30;90;47m8[0;37;43m@[0;1;31;91;47m8[0;37;43m8[0;1;30;90;47m8[0;33;47m8[0;1;30;90;43m8[0;1;30;90;45m8[0;1;31;91;43m8[0;1;30;90;47mS[0;33;47m88[0;1;30;90;43m8[0;35;5;41;101m@[0;33;5;40;100m;[0;1;30;90;41m88[0;33;5;40;100mt[0;1;31;91;47m8[0;33;47m8[0;1;31;91;47m8[0;33;47m8[0;37;5;41;101m8[0;1;33;93;47m8[0;33;47m@8[0;37;5;41;101m8[0;33;47m8[0;33;5;41;101m%[0;1;30;90;47m8[0;33;47m8[0;33;5;41;101m;[0;1;30;90;47m@[0;1;30;90;43m8[0;30;5;40;100m8[0;1;30;90;40m8@@@@@@@@@X@@@@@@@@@X@@@@@@@@@@X@@@@@@@[0m
[0;1;30;90;40m@@@X@@@X@@@@@@@@@@@8[0;1;30;90;41m@[0;33;5;40;100m;[0;33;47m8@8[0;35;47m@[0;37;43m@[0;37;5;41;101m8[0;1;30;90;43m8[0;1;31;91;47m@[0;37;5;47;107m8[0;1;37;97;47m  [0;1;33;93;5;47;107m8[0;37;5;47;107m8[0;37;5;41;101m8[0;1;37;97;47m [0;1;31;91;47mX8[0;1;31;91;43m8[0;33;5;40;100mt;[0;31;5;40;100m8[0;33;5;40;100mX[0;33;47m8@8[0;33;5;41;101mt[0;1;30;90;47mt[0;1;31;91;43m8[0;33;47m8[0;1;31;91;47m8[0;1;30;90;43m88[0;1;30;90;47m8[0;31;43m8[0;35;5;40;100mX[0;1;30;90;41m8[0;35;5;40;100m:[0;33;5;40;100m;S[0;31;40mX[0;1;30;90;40m8[0;31;40m8[0;1;30;90;43m8[0;1;33;93;47m@[0;1;31;91;47m8[0;1;33;93;47m8[0;33;47m8[0;37;5;41;101m8[0;33;47m8[0;1;33;93;47m8[0;33;47m88[0;1;33;93;47mX[0;1;31;91;47m8[0;33;47m8@8[0;33;5;40;100m%[0;30;41m8[0;1;30;90;40m8@@@@X@@X@@@@@@@@@@@@@@@@X@@X@@@@@@@@X@[0m
[0;1;30;90;40m@@@@@@@@@@@@@@@@@@@XX[0;33;5;40;100mS[0;33;47m8[0;37;5;41;101m8[0;33;47m8[0;33;5;41;101mt[0;1;30;90;47mt[0;33;47m88[0;1;31;91;43m8[0;37;5;40;100m:[0;37;5;47;107m8[0;33;5;41;101m [0;37;5;47;107m8[0;33;47m8[0;33;41mS[0;33;5;40;100m:[0;1;30;90;43m8[0;33;47m@@88[0;37;43m8[0;1;31;91;47m8[0;37;43m8[0;1;31;91;47m8[0;33;47m888888[0;1;30;90;45m8[0;1;30;90;41mS[0;31;5;40;100mX[0;35;5;40;100m;[0;33;5;40;100mS[0;35;5;40;100m;[0;33;5;40;100m%[0;35;5;40;100mS[0;31;5;40;100m@[0;1;30;90;40mX88[0;31;5;40;100m8[0;33;47m88[0;37;5;41;101m8[0;33;47m8[0;1;33;93;47m8[0;37;5;41;101m8[0;33;47m8[0;1;31;91;47m8[0;1;33;93;47m8[0;1;31;91;47m8[0;33;47m88[0;37;5;41;101m8[0;33;47m8[0;1;30;90;41m8[0;1;30;90;40m8@@@@@@@@@@@@@@@X@@X@@@@X@@@@@@@@@@X@@@@[0m
[0;1;30;90;40m@@@@@@@@@@X@@@X@@@@@X[0;1;30;90;41m@[0;1;30;90;43m8[0;33;47m@88[0;37;43m@[0;33;5;41;101m%[0;1;30;90;47m@[0;33;47m8[0;1;31;91;43m8[0;1;30;90;47m8@[0;1;30;90;43m8[0;31;5;40;100mX[0;33;5;40;100m%:[0;1;31;91;47m8[0;33;47m8[0;37;5;41;101m8[0;33;47m8[0;37;5;41;101m8[0;33;47m88[0;37;43m8[0;33;47m8[0;1;31;91;43m8[0;1;30;90;47m8[0;37;43m8[0;37;5;41;101m8[0;33;47m8[0;1;31;91;43m8[0;33;5;40;100mS[0;35;5;40;100mt[0;33;5;40;100m%[0;35;5;40;100mt[0;33;5;40;100m%[0;35;5;40;100m%[0;33;5;40;100m%[0;35;5;40;100mt[0;31;5;40;100mX[0;34;40mt[0;1;30;90;40m8@[0;31;40m%[0;31;5;40;100m@[0;33;47m8[0;1;33;93;47m8[0;37;5;41;101m8[0;33;47m8[0;1;33;93;47m8[0;1;31;91;47m8[0;1;33;93;47m8[0;37;5;41;101m8[0;33;47m8[0;1;33;93;47m8[0;37;5;41;101m8[0;33;47m8[0;1;33;93;47m8[0;31;5;40;100m8[0;1;30;90;40mX@@@@@@@@@@@@@@@@@@@@@@@@@@@@@@@@X@@@@@@[0m
[0;1;30;90;40m@@@@X@@@X@@@@@@@@@@@@@[0;33;5;40;100mt[0;33;47m8[0;33;5;41;101mS[0;1;30;90;47m8[0;33;47m8[0;1;30;90;47m8[0;37;43m8[0;33;47m8[0;1;30;90;47m8[0;1;30;90;43m8[0;33;5;40;100m@;X[0;1;30;90;43m8[0;33;47m@8[0;37;43m8[0;33;47m8[0;37;43m8[0;33;47m8[0;33;5;41;101mX[0;1;30;90;47m8[0;33;5;41;101m%[0;1;30;90;47m@[0;33;47m8[0;1;31;91;47m8[0;33;47m888[0;35;5;40;100m@[0;31;5;40;100m8[0;33;5;40;100mt[0;35;5;40;100m%[0;33;5;40;100mX[0;35;5;40;100mS[0;33;5;40;100mX[0;35;5;40;100mX[0;33;5;40;100mX[0;31;5;40;100m@[0;1;30;90;40mX@88[0;31;40m8[0;33;5;40;100mt[0;1;33;93;47m8[0;33;47m8[0;1;31;91;47m8[0;1;33;93;47m8[0;1;31;91;47m8[0;33;47m8[0;1;33;93;47m8[0;37;5;41;101m8[0;33;47m8[0;1;33;93;47m8[0;1;31;91;47m8[0;33;47m8[0;1;30;90;41m8[0;1;30;90;40mX@@@X@@@X@@@@X@@@@@@@@X@@@@@@@X@@@@@@@@@[0m
[0;1;30;90;40m@@@@@@@@@@@@@@@@X@@@XX[0;30;41m@[0;1;30;90;47m8[0;33;47m88[0;33;5;41;101m%[0;33;47m@8[0;33;5;41;101m;[0;33;47mX8[0;1;31;91;47m8[0;33;47m8[0;1;31;91;43m8[0;35;5;40;100m.[0;1;31;91;47m8[0;33;47m8[0;37;5;41;101m8[0;33;47m8[0;37;5;41;101m8[0;1;30;90;47m8[0;33;47m88[0;1;30;90;47m8[0;37;43m8[0;33;47m8[0;1;31;91;43m8[0;1;30;90;47m8[0;33;5;41;101m%[0;1;30;90;47m8[0;1;30;90;41m8[0;33;5;40;100m%[0;35;5;40;100mS[0;33;5;40;100mX[0;35;5;40;100m@[0;33;5;40;100mX[0;35;5;40;100mX[0;33;5;40;100mX[0;35;5;40;100mX[0;31;40m@[0;1;30;90;40m8@@88[0;31;5;40;100m8[0;33;47m8[0;1;31;91;47m8[0;1;33;93;47m8[0;37;5;41;101m8[0;33;47m8[0;1;31;91;47m8[0;33;47m8[0;1;33;93;47m8[0;37;5;41;101m8[0;33;47m8[0;1;33;93;47m8[0;1;31;91;43m8[0;30;5;40;100m8[0;1;30;90;40m@@@@@@@@@@@@@@@@@@X@@@@@@@@X@@@@@@@@@@@@[0m
[0;1;30;90;40m@@@@@@X@@@@@X@@@@@@@@8X[0;33;5;40;100m8[0;33;47m88[0;1;33;93;47mX[0;1;31;91;47m8[0;33;47m8X8[0;37;5;41;101m8[0;33;47m88[0;35;5;40;100m.[0;37;43m8[0;1;31;91;47m8[0;1;33;93;47m8[0;33;47m8[0;1;31;91;47m8[0;1;33;93;47m8[0;33;47m8[0;1;31;91;47m8[0;33;47m8[0;37;5;41;101m8[0;33;47m88888[0;1;30;90;43m8[0;31;5;40;100m8[0;35;5;40;100m%[0;33;5;40;100m@[0;35;5;40;100m@[0;33;5;40;100m@[0;35;5;40;100m@[0;33;5;40;100m@[0;35;5;40;100m@[0;1;30;90;41m8[0;32;40mX[0;1;30;90;40m8@@@X[0;1;30;90;43m8[0;1;33;93;47m@[0;1;31;91;47m8[0;33;47m8[0;1;33;93;47m8[0;33;47m8[0;1;33;93;47m8[0;37;5;41;101m8[0;33;47m88[0;1;31;91;47m8[0;33;47m8[0;35;5;40;100mS[0;31;40mX[0;1;30;90;40m8@@@@@@@@@X@@@@@X@@@@@@@@X@@@@@@@@@@X@@@[0m
[0;1;30;90;40m@@@X@@@@@@@@@@@@@@X@@@X[0;1;30;90;41m8[0;33;47m8[0;37;5;41;101m8[0;33;47m88[0;1;31;91;47m8[0;1;33;93;47m8[0;1;31;91;47m8[0;1;33;93;47m8[0;1;31;91;47m8[0;1;33;93;47m8[0;33;5;41;101mS[0;37;5;40;100mX[0;1;33;93;47m8[0;37;5;41;101m8[0;1;33;93;47m8[0;33;47m8[0;1;31;91;47m8[0;1;33;93;47m8[0;1;31;91;47m8[0;1;33;93;47m8[0;33;47m8[0;37;5;41;101m8[0;1;33;93;47m8[0;37;5;41;101m8[0;33;47m8[0;37;43m8[0;35;41m@[0;33;5;40;100m%[0;35;5;40;100mX[0;33;5;40;100mX[0;31;5;40;100m@[0;35;5;40;100m%[0;33;5;40;100mX[0;31;5;40;100m8[0;31;40mS[0;1;30;90;40m88@@@X[0;31;5;40;100mS[0;33;47m8[0;1;31;91;47m8[0;1;33;93;47m8[0;1;31;91;47m8[0;33;47m8[0;37;5;41;101m8[0;1;33;93;47m8[0;33;47m8[0;1;31;91;47m8[0;1;33;93;47m8[0;1;31;91;47m8[0;1;30;90;43m8[0;1;30;90;41mX[0;1;30;90;40m8@@@@X@@@X@@@@@X@@@@@@@@X@@@@@@@@X@@@@@@@[0m
[0;1;30;90;40m@@@@@@@@@@X@@@@X@@@@@@@[0;31;40m@[0;33;47m8[0;1;33;93;47m8[0;1;31;91;47m8[0;1;33;93;47m8[0;1;31;91;47m8[0;33;47m8[0;1;33;93;47m8[0;1;31;91;47m8[0;33;47m888[0;1;30;90;43m8[0;1;31;91;47m@[0;1;33;93;47m8[0;1;31;91;47m8[0;33;47m8[0;1;33;93;47m8[0;33;5;41;101m;[0;33;47mX8[0;1;33;93;47m8[0;1;31;91;47m8[0;33;47m88[0;1;31;91;47m8[0;1;30;90;43m8[0;35;5;40;100m8[0;33;5;40;100mX[0;31;5;40;100mS[0;35;5;40;100mS[0;33;5;40;100m%[0;35;5;40;100mS[0;31;5;40;100m8[0;1;30;90;40mX8@@@@@8[0;1;30;90;43m8[0;1;33;93;47m@[0;33;47m8[0;1;31;91;47m8[0;1;33;93;47m8[0;1;31;91;47m8[0;1;33;93;47m8[0;37;5;41;101m8[0;1;33;93;47m8[0;1;31;91;47m8[0;1;33;93;47m8[0;1;30;90;43m8[0;1;30;90;41m8[0;34;40mS[0;1;30;90;40m8@@X@@@@@@@@@@@@@@@@@X@@@@@@@@@X@@@@@@@X@[0m
[0;1;30;90;40m@@@@@@@@X@@@@@@@@@@@@@@8[0;1;30;90;43m8[0;1;31;91;47mX[0;1;33;93;47m8[0;1;31;91;47m8[0;1;33;93;47m8[0;37;5;41;101m8[0;33;47m8[0;1;33;93;47m8[0;37;5;41;101m8[0;1;33;93;47m8[0;35;5;41;101m@[0;33;5;40;100m.[0;1;33;93;47m8[0;1;31;91;47m8[0;33;47m8[0;37;5;41;101m8[0;33;47m8[0;1;33;93;47mX[0;33;47m8[0;37;5;41;101m8[0;33;47m88[0;37;5;41;101m8[0;1;33;93;47m8[0;33;47m8[0;1;30;90;41m8[0;33;5;40;100m%[0;35;5;40;100mS[0;33;5;40;100m%[0;35;5;40;100m%[0;33;5;40;100mS[0;31;5;40;100m@[0;1;30;90;40mX@@@@@X8[0;33;5;40;100mt[0;1;33;93;47m@[0;37;5;41;101m8[0;1;33;93;47m8[0;33;47m8[0;1;31;91;47m8[0;33;47m888[0;1;31;91;47m8[0;33;47m8[0;1;31;91;47m8[0;31;5;40;100m8[0;1;30;90;40m@@@@@@@@@@@@@@@@@@@@@@@@@@@@@@@X@@@@@@@X@@@[0m
[0;1;30;90;40m@@@@@X@@@@@@@@@@@@@@X@@[0;30;5;40;100m8[0;33;47m88[0;1;31;91;47m8[0;33;47m88[0;1;33;93;47m8[0;37;5;41;101m8[0;33;47m8[0;1;33;93;47m8[0;33;47m8[0;1;30;90;43m8[0;33;47m8[0;1;31;91;47m8[0;1;33;93;47m8[0;33;47m8[0;1;33;93;47m8[0;1;31;91;47m8[0;33;47m8[0;1;31;91;47m8[0;1;33;93;47m8[0;37;5;41;101m8[0;1;33;93;47m8[0;33;47m8[0;37;5;41;101m8[0;1;30;90;43m8[0;35;5;40;100m:[0;33;5;40;100mtt;t[0;31;5;40;100m8[0;1;30;90;40mX@@@@@X[0;33;5;40;100mS[0;33;47m88[0;1;31;91;47m8[0;1;33;93;47m8[0;1;31;91;47m8[0;33;47m8[0;1;33;93;47m8[0;37;5;41;101m8[0;1;33;93;47m8[0;37;5;41;101m8[0;1;33;93;47m8[0;33;47m8[0;33;41m8[0;1;30;90;40m8@@@@@@@@@X@@@@X@@@@@X@@@@@@@@X@@@@@@@X@@@@@[0m
[0;1;30;90;40m@@@X@@@@@@@@X@@@X@@@@@X[0;33;5;40;100m8[0;33;47m8[0;1;31;91;47m8[0;1;33;93;47m8[0;1;31;91;47m8[0;1;33;93;47m8[0;37;5;41;101m8[0;1;33;93;47m8[0;1;31;91;47m8[0;33;47m8[0;1;31;91;47m8[0;1;30;90;43m8[0;1;33;93;47m@[0;1;31;91;47m8[0;33;47m8[0;1;31;91;47m8[0;1;33;93;47m8[0;1;31;91;47m8[0;1;33;93;47m8[0;33;47m8[0;1;31;91;47m8[0;1;33;93;47m8[0;37;5;41;101m8[0;1;33;93;47m8[0;33;5;40;100m:[0;1;30;90;41m8[0;33;5;40;100mt[0;1;30;90;43m8[0;33;5;40;100m [0;1;30;90;43m8[0;1;30;90;41m@[0;1;30;90;40mX@@X@@X[0;31;5;40;100m8[0;33;47m8[0;1;33;93;47m8[0;33;5;41;101mX[0;1;30;90;47m%[0;33;47m8[0;1;31;91;47m8[0;1;33;93;47m8[0;33;5;41;101m;[0;1;33;93;47mS[0;33;47m88[0;1;31;91;47m8[0;1;30;90;43m8[0;31;40m8[0;1;30;90;40m8@@@@@@X@@@@@@@@@@X@@@@@@@X@@@@@@@@@@@@@@@@@[0m
[0;1;30;90;40m@@@@@@@@@@@@@@@@@@@@@X[0;31;5;40;100mS[0;33;47m8[0;1;33;93;47m@@[0;1;31;91;47m@[0;1;33;93;47m8[0;33;47m@[0;1;33;93;47mX[0;33;47m8[0;1;33;93;47m8[0;1;31;91;47m8[0;33;47m8[0;33;5;41;101mS[0;1;30;90;47m%[0;1;33;93;47m8[0;1;31;91;47m8[0;1;33;93;47m8[0;1;31;91;47m8[0;33;47m8[0;1;31;91;47m8[0;37;5;43;103m8[0;33;47m8[0;1;31;91;47m8[0;33;47m88[0;1;30;90;41m@[0;31;5;40;100m8[0;31;40m8[0;31;5;40;100m@[0;1;30;90;41m8[0;1;30;90;40m8@@@@@@X[0;32;40mt[0;31;5;40;100m8[0;33;47m8[0;1;30;90;43m8[0;1;30;90;47m8[0;33;5;43;103m.[0;35;47m8[0;37;5;43;103m@[0;1;30;90;45m8[0;1;33;93;47m8[0;33;47m8[0;1;31;91;47m8[0;1;33;93;47m8[0;37;43m8[0;1;30;90;41m8[0;34;40m@[0;1;30;90;40m88@@@X@@@@@@@X@@@@@@@@@@X@@@@@@@@@@X@@@@@@@@[0m
[0;1;30;90;40m@@@@@@@@X@@@@@@@@@@@@S[0;33;5;40;100m8[0;33;47m8[0;37;5;41;101m8[0;1;33;93;47mS[0;33;47mX[0;1;31;91;47m8[0;1;33;93;47mX[0;1;31;91;47mX[0;1;33;93;47mX[0;1;31;91;47m@[0;37;43m8[0;1;30;90;43m8[0;1;37;97;47m [0;1;33;93;47m8[0;1;31;91;47m@[0;1;33;93;47m@@@@[0;1;31;91;47m@[0;1;33;93;47m@[0;1;31;91;47m8[0;1;33;93;47m8[0;1;31;91;47m8[0;33;41m8[0;1;30;90;40mX@8[0;34;40mS[0;1;30;90;40m@@@@@X@@8@[0;34;40m;[0;31;5;40;100m8[0;33;5;40;100m%[0;1;30;90;41m8[0;1;30;90;45m8[0;37;43m@[0;1;31;91;47m8[0;1;30;90;43m8[0;33;5;40;100m;[0;1;31;91;47m8[0;33;47m8[0;33;5;41;101m8[0;35;5;40;100m8[0;31;40mt[0;30;5;40;100m8[0;1;30;90;40mX@@@@@@@@@@@@@@@@@@@@@X@@@@@@@@@X@@@@@@@@X@@[0m
[0;1;30;90;40m@@@@@X@@@@@@X@@@X@@X@X[0;31;40mS[0;31;5;40;100m8X[0;33;47m88[0;1;30;90;43m8[0;1;31;91;47mS[0;1;33;93;47m8[0;1;31;91;47m8[0;1;33;93;47m8[0;31;45m8[0;1;33;93;47m8[0;1;31;91;47m@[0;1;33;93;47mXX[0;1;31;91;47mX[0;1;33;93;47mX[0;1;31;91;47m8[0;1;33;93;47mSX[0;1;31;91;47mX[0;1;33;93;47m8[0;1;31;91;47m8[0;37;43m8[0;31;40m8[0;1;30;90;40m8@8@@@@@@@@@@@8X[0;31;40m8[0;30;5;40;100m8[0;1;30;90;41m88[0;31;5;40;100m8[0;31;40m8[0;31;5;40;100m8S[0;1;30;90;41m8[0;34;40m%[0;32;40mX[0;30;5;40;100m8[0;1;30;90;40mX@@@@@@@@@X@@@@@@X@@@X@@@@@@@X@@@@@@@@@@X@@@@[0m
[0;1;30;90;40m@@@X@@@@@@@@@@@@@@@@@@@[0;34;40m%[0;31;40mX[0;1;30;90;41m8[0;31;5;40;100m8[0;1;30;90;41m8[0;31;5;40;100m8[0;33;5;40;100mS%[0;31;5;40;100mX[0;1;30;90;41m@[0;33;5;40;100mX[0;33;47m8[0;37;5;41;101m8[0;1;33;93;47mX[0;1;31;91;47mX[0;1;33;93;47mX[0;1;31;91;47mX[0;33;47m8[0;1;31;91;47m@[0;1;33;93;47m8[0;1;31;91;47m8[0;33;47m8[0;31;5;40;100m@[0;1;30;90;40m8@@@@@@X@@@@@@@@88X[0;32;40mS[0;1;30;90;40m@[0;32;40mS[0;1;30;90;40m8S[0;32;40mS[0;1;30;90;40m888@@@@@X@@@X@@@@@X@@@@@@@@@@@@@@@@@@@@@@@X@@@@@@[0m
[0;1;30;90;40m@@@@@@@@@@X@@@@@@@@@@@888@X@@[0;30;41m8[0;30;5;40;100m8[0;31;40m8[0;30;5;40;100m8[0;31;40m8[0;33;5;40;100mX[0;31;5;40;100m@[0;33;5;40;100mt[0;33;47m8[0;37;5;41;101m8[0;33;47m8[0;1;30;90;43m8[0;1;31;91;47m8[0;1;30;90;43m8[0;33;5;40;100m [0;1;30;90;43m8[0;31;40m8[0;1;30;90;40m8@@@@@@@@@@X@@@@@@88@8@88@@@@@@@@@@@@@@@@@@@@@@@@@@@@@@@X@@@@X@@@X@@@@@@@@[0m
[0;1;30;90;40m@@@@@@@@X@@@@@X@@@@@@@@@@@@@8@888@@[0;31;40m@[0;1;30;90;41m@[0;31;40m@[0;30;5;40;100m@[0;1;30;90;41mX[0;31;40m8[0;30;5;40;100m8[0;1;30;90;41m8[0;31;40m8[0;30;5;40;100m8[0;1;30;90;40m@@@@@@@@@@X@@@@@@@@@@@@@@@@@@@X@@@@@@@@@@@X@@@@@@X@@@@X@@@@@@@@@@@@@@@@@@@@[0m
