[0;1;30;90;40m@@@@@@@@@@@@@@@@@@@@@@@@@@@@@@@@@@@@@@@@@@@@@@@@@@@@@@@@@@@@@@@@@@@@@@@@@@@@@@@@@@@@@@@@@@@@@@@@@@@@@@@@@@@@@@@@@@@@@@@@[0m
[0;1;30;90;40m@@@@@@@@@@@@@@@@@@@@@@@@@@@@@@@@@@@@@@@@@@@X8[0;30;5;40;100m@[0;34;40mX[0;1;30;90;40m@X@@@@@@@@@@@@@@@@@@@@@@@@@@@@@@@@@@@@@@@@@@@@@@@@@@@@@@@@@@@@@@@@@@@@@@@[0m
[0;1;30;90;40m@@@@@@X@@@@@X@@@@@X@@@@@X@@@@@X@@@@@X@@@@@X[0;36;5;40;100mX[0;36;47m88[0;37;46m8[0;1;30;90;46m88[0;36;5;40;100m8[0;34;5;40;100m8[0;32;40mS[0;1;30;90;40m8@@@@X@@@@@X@@@@@X@@@@@X@X8[0;30;5;40;100m8[0;34;5;40;100mS[0;36;5;40;100m8[0;30;5;40;100m8[0;1;30;90;40mX@@@@X@@@@@X@@@@@X@@@@@X@@@@@X@@@@@X@[0m
[0;1;30;90;40m@@@X@@@@@@X@@@@@X@@@@@X@@@@@X@@@@@X@@@@@X@8[0;36;47m88888[0;1;30;90;46m8888[0;34;5;40;100m8[0;1;30;90;40m@X@XXXXXXXXXXX@@@@@@XX8[0;36;5;40;100m@;[0;36;47m88[0;37;46m8[0;1;30;90;47mX[0;1;30;90;46m8[0;36;5;40;100m8[0;34;40mt[0;1;30;90;40m8@@@@@@X@@@@@X@@@@@X@@@@@X@@@@@X@@@[0m
[0;1;30;90;40m@@@@@@@@@@@@@@@@@@@@@@@@@@@@@@@@@@@@@@@@@X[0;36;5;40;100mX[0;36;47m8888[0;1;36;96;47m8[0;36;47m88[0;1;30;90;46m88@@[0;34;5;40;100mXS[0;1;30;90;46mX[0;36;5;40;100m%.[0;36;47m8[0;1;30;90;46m8[0;1;30;90;47mS[0;1;30;90;46m8[0;1;30;90;47m8[0;1;30;90;46m8[0;36;5;40;100m;S@[0;1;30;90;40m88@X[0;30;5;40;100mX[0;36;5;40;100m@t[0;36;47m8888888[0;37;46m@[0;1;30;90;44mX[0;1;30;90;40m@@@@@@@@@@@@@@@@@@@@@@@@@@@@@@@@@@@@[0m
[0;1;30;90;40m@@@@@@@@X@@@@@X@@@@@X@@@@@X@@@@@X@@@@@X@@8[0;36;5;40;100m;[0;36;47m8888888[0;1;36;96;47m8[0;37;46m8[0;1;34;94;46m8[0;37;46m8[0;1;30;90;46m@8[0;36;47m@[0;1;36;96;47m@[0;36;47m@@[0;1;36;96;47m8[0;36;47m88888888[0;36;5;40;100mSS[0;36;47m888888888[0;1;36;96;47m8[0;37;46m8[0;1;30;90;46m88[0;1;30;90;40mX@@@@@X@@@@@X@@@@@X@@@@@X@@@@@X@@@@@[0m
[0;1;30;90;40m@@@@X@@@@@@@@@@@@@@@@@@@@@@@@@@@@@@@@@@@X[0;34;5;40;100mX[0;36;47m8888[0;1;36;96;47m8[0;36;47m8[0;1;34;94;47m8[0;36;47m88@X8[0;1;36;96;47mXS[0;1;30;90;47mS[0;1;36;96;47mX[0;36;47mS@888888888888888888[0;1;36;96;47m8[0;36;47m88[0;37;46m@[0;1;34;94;46m8[0;36;5;40;100m8[0;34;40mX[0;1;30;90;40m8@@@@@@@@@@@@@@@@@@@@@@@@@@@@@@@@@@[0m
[0;1;30;90;40m@@@@@@@@@@@@X@@@@@X@@@@@X@@@@@X@@@@@X@@@S[0;36;5;40;100m8[0;36;47m8888[0;1;34;94;47m8[0;36;47m88888[0;1;36;96;47m8[0;36;47m@XX[0;1;36;96;47mX[0;1;30;90;47m8[0;1;36;96;47mX[0;36;47m@8888[0;1;36;96;47m8[0;36;47m8888[0;1;36;96;47m8[0;36;47m888[0;1;36;96;47m8[0;36;47m888888[0;36;5;44;104mt[0;36;47m@[0;1;30;90;46m8[0;36;5;40;100m8[0;1;30;90;40mX@@@@@@@@X@@@@@@X@@@@@X@@@@@X@@@@@X@[0m
[0;1;30;90;40m@@@@@@X@@@X@@@@@@@@@@@@@@@@@@@@@@@@@@@@@S[0;36;5;40;100mX[0;36;47m88888[0;1;36;96;47m8[0;36;47m88[0;1;36;96;47m8[0;1;34;94;47m8[0;36;47m88@@@8888[0;1;34;94;47m8[0;1;36;96;47m8[0;36;47m88[0;1;34;94;47m8[0;1;36;96;47m8[0;36;47m8888[0;1;36;96;47m8[0;36;47m888[0;1;34;94;47m8[0;36;47m88[0;1;34;94;47m8[0;36;47m88[0;1;30;90;46m88[0;1;30;90;44m8[0;1;30;90;40mX@@@X@@@@@@@@@X@@@@@@@@@@@@@@@@@@@@@[0m
[0;1;30;90;40m@@@X@@@@@@@@@@@@X@@@@@X@@@@@X@@@@@X@@@@@X[0;36;5;40;100m%[0;36;47m8888888[0;1;34;94;47m8[0;36;47m88888[0;1;34;94;47m8[0;1;36;96;47m8[0;36;47m8[0;1;34;94;47m8[0;36;47m8[0;1;36;96;47m8[0;36;47m8888888[0;1;34;94;47m8[0;36;47m88[0;1;34;94;47m8[0;36;47m8888[0;1;36;96;47m8[0;37;46m8[0;36;47m8[0;37;46mX[0;1;30;90;46m88@[0;1;30;90;44m8[0;32;40mS[0;1;30;90;40m8@@@@@X@@@@X@@@@@@@X@@@@@X@@@@@X@@@[0m
[0;1;30;90;40m@@@@@@@@@@@@@@@@@@@@@@@@@@@@@@@@@@@@@@X8[0;36;5;40;100m [0;1;36;96;47m@[0;36;47m888[0;1;34;94;47m8[0;36;47m88[0;37;46m8[0;36;47m@[0;1;30;90;47mX[0;36;47m@88[0;1;36;96;47m8[0;36;47m88888888[0;1;34;94;47m8[0;36;47m8888[0;37;46m8[0;36;47m8[0;1;36;96;47m8[0;36;47m8888888[0;37;46m@[0;1;34;94;46m8[0;1;30;90;46m888[0;1;30;90;44m8[0;1;30;90;40mX@@@@@@@@@@@@@@@@@@@@@@@@@@@@@@@@@@@[0m
[0;1;30;90;40m@@@@@@@@X@@@@X@@@@@X@@@@@X@@@@@X@@@@@X8[0;1;30;90;47mX[0;1;36;96;47m@[0;1;30;90;47m8[0;36;47m8888[0;1;37;97;47m ;[0;37;5;47;107mX;;%[0;1;37;97;47m [0;1;34;94;46m8[0;1;30;90;47m8[0;36;47m88888[0;1;34;94;47m8[0;36;47m8[0;1;36;96;47m8[0;37;46m8[0;1;30;90;47m8[0;1;37;97;47mt[0;37;5;47;107mtX[0;1;37;97;47m8 [0;1;30;90;47m8[0;1;30;90;46m8[0;36;47m@[0;1;34;94;47m8[0;1;36;96;47m8[0;36;47m8[0;1;34;94;47m8[0;37;46m@8[0;1;30;90;46m88[0;34;46m8[0;1;30;90;46m8[0;1;30;90;44m8[0;32;40m%[0;1;30;90;40m@X@@@@@@@X@@@@@@X@@@@@X@@@@@X@@@@@@[0m
[0;1;30;90;40m@@@@@X@@@@@X@@@@@@@@@@@@@@@@@@@@@@@X@8[0;36;5;40;100mS[0;36;47mXX[0;1;36;96;47mX[0;36;47m@[0;1;30;90;46m8[0;1;37;97;47m;[0;37;5;47;107m%%::;;t:[0;1;37;97;47m:[0;1;30;90;46m8[0;36;47m88[0;1;34;94;47m8[0;36;47m8[0;1;36;96;47m8[0;36;47m88[0;1;30;90;46m8[0;1;37;97;47m:[0;37;5;47;107mt;;tt%:%[0;1;30;90;47mX[0;37;46m8[0;36;47m88[0;37;46m@[0;1;34;94;46m8[0;1;30;90;46m88888@[0;1;30;90;44m8[0;1;30;90;46mX[0;36;5;40;100m8[0;34;40m8[0;1;30;90;40mXX@@@@@@@@@@@@@@@@@@@@@@@@@@@@X@[0m
[0;1;30;90;40m@@@X@@@@@@@@@@@@X@@@@@X@@@@@X@@X@[0;30;5;40;100m8[0;36;5;40;100m@;[0;36;47m8[0;36;5;40;100m%[0;1;30;90;47m%[0;1;36;96;47m@[0;1;30;90;47mS[0;36;47m8[0;1;30;90;47m@[0;37;5;47;107mX;;:::;;%S%[0;1;37;97;47m@[0;1;30;90;47m8[0;1;34;94;46m8[0;36;47m8[0;1;30;90;46m8[0;37;46m@[0;1;34;94;46m8[0;1;30;90;47m@[0;1;37;97;47m8[0;37;5;47;107mtttX@8@@St[0;1;37;97;47m8[0;1;30;90;47mX[0;37;46m8[0;1;30;90;46m888[0;1;34;94;46m8[0;36;5;40;100mt[0;34;46m8[0;36;5;40;100mX[0;1;30;90;46m@[0;1;30;90;44m8[0;36;5;40;100m8[0;1;30;90;46mt[0;36;5;40;100m8[0;1;30;90;46mX[0;34;5;40;100m8[0;32;40mX[0;1;30;90;40m@X@@@@@X@@@@@X@@@@@X@@@@@X@@@[0m
[0;1;30;90;40m@@@@@@@@@@@@@@@@@@@@X@@@@@@X@[0;30;5;40;100m8[0;36;5;40;100mS.[0;36;47m8@@88[0;1;30;90;46m8[0;36;47mX[0;1;36;96;47mS[0;36;47m@[0;1;37;97;47m [0;37;5;47;107mt;;;;t%S@@88S%[0;1;37;97;47m%[0;1;30;90;47m8[0;1;30;90;46m8[0;1;30;90;47m8[0;37;5;47;107m8t%@8888888888X[0;1;37;97;47m8[0;1;30;90;47mX[0;36;5;40;100mX[0;1;30;90;46m8[0;36;5;40;100mX[0;1;30;90;46m88[0;36;44m8[0;36;5;40;100m8[0;1;30;90;44m8[0;30;44m8[0;1;30;90;46m8X[0;36;5;40;100m8[0;1;30;90;46m%8@[0;34;5;40;100m8S[0;32;40m@[0;1;30;90;40m@@@@@@@X@@@@@@@@@@@X@@@@@[0m
[0;1;30;90;40m@@@@@@@@X@@@@X@@@@@@@@@@@XX[0;30;5;40;100m8[0;36;5;40;100mt[0;36;47mX@@[0;1;36;96;47m@[0;36;47m@@88[0;36;5;40;100m;[0;1;36;96;47mS[0;1;30;90;47m88[0;37;5;47;107m@ttSXXX@@XXX@88@tttX888888@@X@88[0;1;37;97;47mttS8[0;1;30;90;47m:[0;1;30;90;44m8[0;1;30;90;46m8[0;34;46m8[0;36;5;40;100mS[0;1;30;90;46m8@S[0;34;5;40;100mS[0;1;30;90;46mt[0;34;5;40;100m8[0;1;30;90;46m%[0;34;5;40;100m8[0;1;30;90;46mXX%S88[0;36;5;40;100mS[0;34;40m%[0;1;30;90;40m8@@@@@@@@X@@@@@@@@@@@@[0m
[0;1;30;90;40m@@@@@X@@@@@X@@@@@@X@@@@X8[0;36;5;40;100mX.[0;36;47mX[0;1;36;96;47mX[0;36;47mX[0;1;36;96;47mX[0;36;47mS@@8[0;1;36;96;47m8[0;36;47m8[0;1;30;90;46m8[0;36;47mS[0;1;36;96;47m@[0;1;30;90;47mS[0;37;5;47;107m;S8@@@XSSSSXX@X@88888888@XXSX88[0;1;37;97;47mS[0;37;5;47;107m8[0;1;37;97;47m;;;S[0;1;30;90;47m@[0;36;5;40;100m8[0;1;30;90;46m8[0;36;44m8[0;36;5;40;100m@[0;36;44m8[0;36;5;40;100m8[0;34;40m8[0;1;30;90;46m@XXX[0;1;30;90;44m8[0;1;30;90;46m@[0;36;5;40;100m8[0;1;30;90;46m8[0;36;47m888[0;36;5;40;100m @[0;1;30;90;40mXX@@@@@@@@@@X@@@@@@@@[0m
[0;1;30;90;40m@@@X@@@@@@@@@@@@X@@@@@[0;30;5;40;100mX[0;36;5;40;100m;[0;1;30;90;47mt[0;36;47m8[0;1;36;96;47mX[0;1;30;90;47m%[0;36;47m@[0;1;36;96;47mS[0;1;30;90;47mX[0;1;36;96;47m@[0;36;47m@888@8[0;36;44m8[0;1;30;90;47m8X[0;37;5;47;107m;8888%SSXXXXXXXX@@@@@@XSXX@88[0;1;37;97;47mXSS%[0;37;5;47;107m8[0;1;37;97;47mt[0;37;5;47;107m8[0;1;37;97;47m:;[0;35;5;40;100m;[0;1;30;90;46m8[0;36;5;40;100m8[0;1;30;90;46m8[0;36;5;40;100m8[0;1;30;90;44m8[0;1;30;90;46mS[0;36;5;40;100m8[0;1;30;90;44mX[0;1;30;90;46m@@@[0;36;44m8[0;1;30;90;46m88[0;36;47m888888[0;36;5;40;100m@[0;1;30;90;40m8X@@@@@@@@@@@@@@X@@[0m
[0;1;30;90;40m@@@@@@@@@@@@@@@@@@X8[0;36;5;40;100mX[0;37;5;40;100m8[0;36;47m8[0;1;36;96;47m@[0;36;47m@X@[0;1;36;96;47m@[0;36;47mX[0;1;36;96;47mX[0;36;47m@X88[0;1;36;96;47m8[0;1;34;94;47m8[0;36;47m88[0;36;5;40;100mt[0;34;46m8[0;37;5;40;100mt[0;37;5;47;107mX888[0;1;37;97;47m;;;%S[0;37;5;47;107m8[0;1;37;97;47m@[0;37;5;47;107m88@XXXXSX@@@88[0;1;37;97;47mXX[0;1;33;93;47mS[0;1;37;97;47mtt[0;1;33;93;47mX[0;1;37;97;47m [0;1;33;93;47m@[0;1;37;97;47m t%[0;37;5;47;107m8[0;1;37;97;47mt[0;35;5;40;100m [0;36;5;40;100m8[0;36;44m8[0;36;5;40;100m8[0;36;44m8[0;36;5;40;100m88[0;1;30;90;46mt[0;36;5;40;100m8[0;34;46m8[0;36;5;40;100m8[0;1;30;90;46m888[0;36;47m88[0;1;36;96;47m8[0;36;47m888888[0;36;5;40;100mt8[0;34;40mt[0;1;30;90;40m8@@X@@@@@X@@@@@[0m
[0;1;30;90;40m@@@@@@@@X@@@@X@@@X8[0;36;5;40;100m;[0;36;47m@@[0;1;36;96;47mX[0;1;30;90;47m8[0;1;36;96;47m@[0;36;47mXXXXX[0;1;36;96;47mX[0;36;47m@[0;1;34;94;47m@[0;36;47m8888[0;1;36;96;47m8[0;36;47m8[0;36;5;40;100mS[0;1;30;90;44mX[0;1;30;90;47mS[0;37;5;47;107m8@@XSSX8[0;1;33;93;47mS[0;1;37;97;47m;[0;1;33;93;47mX[0;1;37;97;47m:[0;37;5;47;107mXXSXX@888[0;1;37;97;47mS[0;1;33;93;47m8[0;33;47m@[0;1;33;93;47mX[0;1;30;90;47m8[0;1;37;97;47m [0;1;33;93;47mX[0;1;30;90;47m8[0;1;37;97;47m  [0;37;5;47;107m8[0;1;37;97;47m.[0;37;5;47;107m8[0;1;37;97;47mt%%[0;35;5;40;100m.[0;36;5;40;100m8[0;1;30;90;46m8[0;34;5;40;100m8X[0;1;30;90;46m:[0;1;30;90;44m8[0;1;30;90;46mX[0;36;5;40;100m88[0;36;44m8[0;1;30;90;46m88[0;36;47m88[0;1;34;94;47m8[0;36;47m88[0;1;36;96;47m8[0;36;47m888888[0;36;5;40;100mt[0;1;30;90;40m@X@@@@@X@@@@@@@[0m
[0;1;30;90;40m@@@@@X@@@@@X@@@X8[0;36;5;40;100mX[0;36;47m8@[0;1;36;96;47mX[0;36;47m@@8X[0;1;36;96;47mX[0;36;47mXX[0;1;36;96;47mX[0;36;47mX[0;1;34;94;47m@[0;36;47m@8888[0;1;34;94;47m8[0;36;47m888[0;36;5;40;100m@S[0;1;30;90;47mS[0;37;5;47;107m8888888888888[0;1;33;93;5;47;107m8[0;37;5;47;107m88[0;1;37;97;47mX@[0;1;33;93;47mS[0;37;5;47;107m8[0;1;37;97;47m::[0;37;5;47;107m8[0;1;37;97;47m [0;37;5;47;107m8[0;1;37;97;47m [0;37;5;47;107m88[0;1;37;97;47m.[0;37;5;47;107m8[0;1;37;97;47m [0;37;5;47;107m8[0;1;37;97;47m;[0;37;5;47;107m8[0;1;37;97;47m%[0;33;47m8[0;36;5;40;100mt[0;1;30;90;46m@[0;1;30;90;44mX[0;1;30;90;46mt[0;36;5;40;100m8[0;1;30;90;46m%[0;36;5;40;100m8[0;34;46m8[0;36;5;40;100m8[0;1;30;90;46mX[0;36;5;40;100m8[0;1;30;90;46m8[0;36;47m888888[0;1;34;94;47m8[0;36;47m88[0;1;36;96;47m8[0;36;47m8888[0;1;30;90;46m8[0;36;5;40;100mS[0;34;40mS[0;1;30;90;40m8@@@@@@@@@@@[0m
[0;1;30;90;40m@@@X@@@@@@@@@@X[0;36;5;40;100m8t[0;36;47m8888888888[0;1;34;94;47m@[0;36;47m@88[0;1;36;96;47m8[0;36;47m88[0;1;34;94;47m8[0;36;47m888888[0;1;30;90;46m8[0;36;5;40;100m: [0;1;30;90;47m%[0;1;37;97;47m%X[0;1;33;93;47mS[0;37;5;47;107m8[0;1;37;97;47mt[0;37;5;47;107m8[0;1;33;93;47mS[0;1;30;90;47m@[0;1;37;97;47m;[0;37;5;47;107m8[0;1;37;97;47mt;t[0;1;33;93;47mS[0;37;5;47;107m8[0;1;37;97;47m%[0;37;5;47;107m8[0;1;37;97;47m;[0;37;5;47;107m8[0;1;37;97;47m [0;1;33;93;47mS[0;1;37;97;47m [0;37;5;47;107m8[0;1;37;97;47m.:[0;37;5;47;107m8[0;1;37;97;47m:[0;37;5;47;107m8[0;1;37;97;47m;[0;37;5;47;107m8[0;1;33;93;47mS[0;1;37;97;47m [0;33;47m8[0;35;5;40;100mX[0;1;30;90;46mS[0;34;5;40;100m8[0;1;30;90;46mS[0;36;5;40;100m8[0;36;44m8[0;36;5;40;100m8[0;1;30;90;46mS[0;36;5;40;100m8[0;34;46m8[0;1;30;90;46m88[0;36;47m88[0;1;34;94;47m8[0;36;47m88[0;1;36;96;47m8[0;36;47m88[0;1;36;96;47m8[0;36;47m8[0;1;34;94;47m8[0;36;47m8888@8[0;37;5;40;100m8[0;34;5;40;100mS[0;32;40m%[0;1;30;90;40m8@@@@@@X@@[0m
[0;1;30;90;40m@@@@@@@@@@@@@X[0;34;5;40;100mX[0;1;30;90;46m8[0;37;46m8[0;36;47m8888[0;1;36;96;47m8[0;36;47m88[0;1;34;94;47m8[0;36;47m8[0;1;36;96;47m8[0;36;47m88[0;1;36;96;47m8[0;36;47m88[0;1;34;94;47m8[0;36;47m888[0;37;46m@[0;36;47m8[0;36;5;44;104m:[0;36;47m8[0;1;30;90;46m8[0;37;46mX[0;1;30;90;46m88[0;36;5;40;100mS[0;33;5;40;100mt[0;1;37;97;47m [0;37;5;47;107m8[0;1;37;97;47m;%t [0;33;47mX8[0;1;37;97;47m:[0;37;5;47;107m88[0;1;37;97;47mt[0;37;5;47;107m8[0;1;37;97;47m;[0;37;5;47;107m8[0;1;33;93;47mS[0;37;5;47;107m8[0;1;37;97;47mt[0;1;33;93;47mS[0;35;47m@[0;1;30;90;47m8[0;1;37;97;47m.[0;37;5;47;107m8[0;1;37;97;47m;;[0;37;5;47;107m8[0;1;33;93;47mS[0;37;5;47;107m8[0;1;37;97;47m [0;1;33;93;47mS[0;1;30;90;45m8[0;33;5;40;100m.[0;36;5;40;100m8[0;1;30;90;46mSXX@8@[0;34;46m8[0;36;5;40;100mX[0;1;30;90;46m8[0;36;47m8888888[0;37;5;44;104m8[0;36;47m88888[0;1;36;96;47m8[0;36;47m8888888[0;36;5;40;100mX[0;34;40mX[0;1;30;90;40m8@@@X@@@@[0m
[0;1;30;90;40m@@@@@@@@X@@@X[0;36;5;40;100m8[0;1;30;90;46m%88[0;37;46mS[0;1;34;94;46m8[0;36;47m8[0;37;46m8[0;1;34;94;46m8[0;36;47m@88[0;37;46m888[0;37;5;44;104m8[0;37;46m888@[0;1;34;94;46m8[0;37;46m@[0;1;34;94;46m8[0;37;46m@[0;1;30;90;46m8[0;37;46m@[0;1;30;90;46mX[0;1;34;94;46m8[0;37;46m8[0;1;30;90;47m88.[0;1;37;97;47m [0;1;30;90;47m%[0;1;33;93;47mX[0;1;37;97;47m [0;1;33;93;47mS[0;1;37;97;47m:[0;37;5;47;107m8[0;1;37;97;47m   [0;1;33;93;47m@S[0;1;37;97;47m [0;1;33;93;47m@S[0;1;37;97;47m [0;1;33;93;47mS[0;33;47mS[0;1;37;97;47m   .[0;37;5;47;107m8[0;1;37;97;47m:[0;37;5;47;107m8[0;1;33;93;47mS[0;37;5;47;107m8[0;1;37;97;47m [0;1;33;93;47mX[0;35;47mX[0;1;37;97;47m %.[0;1;30;90;47mX[0;35;5;40;100m [0;36;5;40;100m;[0;1;30;90;46m8[0;34;46m@[0;1;30;90;46m8888[0;37;46m@[0;1;34;94;46m8[0;36;47m8888888[0;1;36;96;47m8[0;36;47m8[0;1;34;94;47m8[0;36;47m888[0;1;34;94;47m8[0;36;47m8[0;1;36;96;47m8[0;36;47m88888[0;36;5;40;100m;[0;30;5;40;100m8[0;1;30;90;40mX@@@@@@@[0m
[0;1;30;90;40m@@@@@X@@@@X@[0;36;5;40;100m8[0;1;30;90;46m%88[0;1;34;94;46m8[0;37;46m8[0;1;30;90;46m8[0;1;34;94;46m8[0;37;46m8[0;1;30;90;46m8[0;1;34;94;46m8[0;1;30;90;46m8[0;1;34;94;46m8[0;1;30;90;46m8[0;1;34;94;46m8[0;1;30;90;46m88[0;1;34;94;46m8[0;1;30;90;46m8[0;1;34;94;46m8[0;37;46m8[0;1;30;90;46m8888[0;1;34;94;46m8[0;1;30;90;46m8[0;1;37;97;47m @[0;37;5;47;107mS@X[0;1;37;97;47m8St.   [0;33;47m@[0;1;37;97;47m [0;1;33;93;47mS[0;1;37;97;47m    ...[0;37;5;47;107m8[0;1;37;97;47m  .: [0;1;33;93;47mXS[0;35;47mX[0;1;33;93;47mS[0;35;47mS[0;1;37;97;47m  .:;;;XS[0;1;30;90;47m [0;37;5;40;100mX[0;1;30;90;46m88[0;1;34;94;46m8[0;37;46m8[0;1;30;90;46m88[0;1;34;94;46m8[0;37;46m@[0;1;34;94;46m8[0;36;47m8[0;1;34;94;46m8[0;36;47m88888888[0;1;36;96;47m8[0;36;47m8[0;1;34;94;47m8[0;36;47m8[0;1;36;96;47m8[0;36;47m88[0;1;36;96;47m8[0;36;47m8[0;37;46m8[0;34;5;40;100mS[0;1;30;90;40mX@@@@@@[0m
[0;1;30;90;40m@@@X@@@@@@X[0;34;5;40;100mX[0;1;30;90;46mt88[0;37;46mX[0;1;30;90;46m8[0;37;46mXX[0;1;30;90;46m8[0;37;46mX[0;1;30;90;46m8[0;37;46m8[0;1;30;90;46m8[0;37;46m@[0;1;30;90;46m8[0;36;47m8[0;1;34;94;46m8[0;36;47m8[0;1;30;90;46m8[0;37;46m8[0;1;30;90;46m888[0;36;44m8[0;36;5;40;100m8[0;1;30;90;46m8[0;1;30;90;47mX[0;37;5;47;107m@%X@X888888[0;1;37;97;47m:[0;37;5;47;107m8[0;1;37;97;47m  .   [0;1;31;91;47mX[0;1;30;90;47mX[0;1;37;97;47m [0;1;30;90;47m8[0;35;47m@[0;33;47m@[0;1;30;90;47m8[0;1;33;93;47mX[0;35;47m@[0;33;47mX[0;1;37;97;47m   .::[0;37;5;47;107m8[0;1;37;97;47m ;;;;::%8X[0;35;5;40;100m;[0;1;30;90;46m88[0;1;34;94;46m8[0;36;47m8[0;1;30;90;46m88[0;37;46mX[0;1;34;94;46m8[0;36;47m8[0;1;30;90;46m8[0;1;34;94;46m8[0;36;47m8[0;37;46m@[0;36;47m88[0;1;34;94;47m8[0;36;47m888888[0;1;34;94;47m8[0;36;47m88888[0;36;5;40;100m8[0;34;40mt[0;1;30;90;40m8@@@@[0m
[0;1;30;90;40m@@@@@@@@@X8[0;1;30;90;46mt88[0;1;34;94;46m8[0;37;46m@[0;1;34;94;46m8[0;1;30;90;46m8[0;1;34;94;46m8[0;37;46m8[0;1;34;94;46m8[0;1;30;90;46m8[0;1;34;94;46m8[0;37;46m8[0;1;34;94;46m8[0;37;46m@[0;1;30;90;46m888[0;1;34;94;46m8[0;1;30;90;46m88[0;34;46m8[0;36;5;40;100mXS[0;1;30;90;47m8[0;1;37;97;47mX[0;37;5;47;107mt@@@XXXXX8888888[0;1;37;97;47m [0;37;5;47;107m8[0;1;37;97;47m [0;37;5;47;107m8[0;1;37;97;47m :.::. .:..[0;37;5;47;107m8[0;1;37;97;47m [0;37;5;47;107m8[0;1;37;97;47m [0;37;5;47;107m8[0;1;37;97;47m [0;37;5;47;107m8[0;1;37;97;47m [0;37;5;47;107m8[0;1;37;97;47m:[0;37;5;47;107m8[0;1;37;97;47mt[0;37;5;47;107m8888@[0;1;37;97;47m.[0;36;5;40;100m:[0;1;30;90;46m88[0;1;34;94;46m8[0;37;46m8[0;1;30;90;46m888[0;37;46mX[0;1;30;90;46m8[0;1;34;94;46m8[0;1;30;90;46m8[0;1;34;94;46m8[0;37;46m8XX@[0;36;47m8[0;1;34;94;46m8[0;1;36;96;47m@[0;36;47m888888[0;37;46m8[0;36;47m8[0;34;5;40;100mX[0;1;30;90;40mX@X@@[0m
[0;1;30;90;40m@@@@@@@@X[0;30;5;40;100m@[0;36;5;40;100m@[0;1;30;90;46m88[0;37;46mX[0;1;30;90;46m8[0;37;46mX@[0;1;30;90;46m8[0;37;46m@[0;1;30;90;46m8[0;37;46m@[0;1;30;90;46m8[0;37;46m8[0;1;30;90;46m888[0;1;34;94;46m8[0;1;30;90;46m88888[0;36;5;40;100m.[0;1;37;97;47m [0;37;5;47;107m8%%88XXXXSXX@88888888888888[0;1;37;97;47m;[0;37;5;47;107m88888[0;1;37;97;47m:[0;37;5;47;107m88[0;1;37;97;47m:[0;37;5;47;107m88[0;1;37;97;47m:[0;37;5;47;107m88888888888S:[0;1;37;97;47m [0;1;30;90;46m8[0;37;46m@[0;34;46m8[0;1;30;90;46m88[0;1;34;94;46m8[0;37;46m@[0;1;30;90;46m8[0;37;46m@[0;1;30;90;46m8[0;37;46m@[0;1;34;94;46m8[0;1;30;90;46m8[0;1;34;94;46m8[0;37;46m@[0;1;34;94;46m8[0;36;47m8[0;1;30;90;46m8[0;1;34;94;46m8[0;37;46m@[0;1;34;94;46m8[0;37;46m@[0;1;34;94;46m8[0;37;46m8[0;1;30;90;46m8888[0;34;40mX[0;1;30;90;40m8@@[0m
[0;1;30;90;40m@@@@@X@@X[0;35;5;40;100m:[0;1;30;90;47m8[0;1;30;90;46m8[0;1;34;94;46m8[0;37;46m@[0;1;34;94;46m8[0;1;30;90;46m8[0;1;34;94;46m8[0;37;46m@[0;1;30;90;46m8[0;1;34;94;46m8[0;1;30;90;46m888[0;34;46m8[0;1;30;90;46m888[0;37;46m@[0;1;34;94;46m8[0;1;30;90;46m88[0;1;30;90;47m8[0;1;37;97;47m;[0;37;5;47;107mS%@8@XXXXXXSXXX[0;1;33;93;5;47;107m@[0;37;5;47;107m8888888888888888888888888[0;1;33;93;5;47;107m@[0;37;5;47;107m88888X@@@@88t[0;1;37;97;47m@[0;36;5;40;100mX[0;1;30;90;46m88[0;1;30;90;44m8[0;36;5;40;100m8[0;1;30;90;46m8[0;1;34;94;46m8[0;1;30;90;46m8[0;1;34;94;46m8[0;1;30;90;46m8[0;37;46m8[0;1;30;90;46m8[0;37;46m@[0;1;30;90;46m88888[0;37;46mX[0;1;30;90;46m8[0;37;46mX[0;1;30;90;46m8[0;1;34;94;46m8[0;37;46m8[0;1;34;94;46m8[0;1;30;90;46m88[0;36;5;40;100m8[0;31;40m%[0;1;30;90;40m8@[0m
[0;1;30;90;40m@@@X@@@@X8[0;35;5;40;100mS[0;1;30;90;47m:[0;36;5;40;100m:[0;37;5;40;100m%[0;1;30;90;47mS[0;1;30;90;46m8[0;36;5;40;100m:[0;1;37;97;47m [0;37;5;40;100m;[0;34;5;40;100m88[0;1;30;90;44m8[0;1;30;90;46m888[0;1;34;94;46m8[0;37;46m8[0;1;30;90;46m8[0;37;46m8[0;1;30;90;46m8[0;1;30;90;47m8[0;1;37;97;47mt[0;37;5;47;107mtt88@XXX@XXXXX[0;1;33;93;5;47;107m8[0;37;5;47;107m88XX[0;1;33;93;5;47;107m@[0;37;5;47;107m8@[0;1;33;93;5;47;107m@[0;37;5;47;107m888[0;1;33;93;5;47;107m@[0;37;5;47;107m88888888888[0;1;33;93;5;47;107m@[0;37;5;47;107m888888[0;1;33;93;5;47;107m@[0;37;5;47;107m8@XSXXXX@88[0;1;37;97;47mS[0;36;5;40;100m:[0;1;30;90;46m8888[0;36;5;40;100m@[0;1;30;90;46m8888[0;1;34;94;46m8[0;37;46m@[0;1;34;94;46m8[0;37;46m8[0;1;34;94;46m8[0;37;46m8[0;1;34;94;46m8[0;37;46m@[0;1;34;94;46m8[0;1;30;90;46m8[0;37;46m@[0;1;30;90;46m88[0;37;46m8[0;1;30;90;46m888[0;34;5;40;100m8[0;1;30;90;40m@X[0m
[0;1;30;90;40m@@@@@@@@@X@8[0;34;40m@[0;1;30;90;47m8[0;36;5;40;100m [0;34;5;40;100m8[0;34;40mX[0;34;5;40;100mS[0;30;5;40;100m8[0;1;30;90;40mX[0;32;40m%[0;36;5;40;100m8[0;1;30;90;46m8[0;1;34;94;46m8[0;37;46m8[0;1;30;90;46m88[0;1;34;94;46m8[0;36;5;40;100m:[0;1;37;97;47m [0;37;5;47;107mStt888XXXXX@X[0;1;33;93;5;47;107m8[0;37;5;47;107m8@8XXX@8X@8@X@88@[0;1;33;93;5;47;107m@[0;37;5;47;107m88[0;1;33;93;5;47;107m@[0;37;5;47;107m88[0;1;33;93;5;47;107mX[0;37;5;47;107m8@8@XX8[0;1;33;93;5;47;107m@[0;37;5;47;107m88@X[0;1;33;93;5;47;107m@[0;37;5;47;107m8@X@XXX@8%[0;36;5;40;100m [0;1;34;94;46m8[0;1;30;90;46m88[0;1;34;94;46m8[0;1;30;90;46m88888888[0;37;46m@[0;1;30;90;46m8[0;37;46m@[0;1;30;90;46m8[0;37;46m@[0;1;34;94;46m8[0;1;30;90;46m8[0;37;46m@[0;1;34;94;46m8[0;1;30;90;46m8[0;37;46m@[0;1;34;94;46m8[0;1;30;90;46m8[0;35;5;40;100m [0;30;5;40;100mS[0;1;30;90;40mX[0m
[0;1;30;90;40m@@@@@@@@@@@88@@@8@X8[0;34;40mX[0;1;30;90;46m8888[0;37;46m@[0;1;34;94;46m8[0;1;30;90;46m8[0;1;37;97;47m;[0;37;5;47;107m;tX88@XXXX@X[0;1;33;93;5;47;107m8[0;37;5;47;107m88XXXXS[0;1;33;93;5;47;107m@[0;37;5;47;107m8XXXX[0;1;33;93;5;47;107mX[0;37;5;47;107m8XX[0;1;33;93;5;47;107mX[0;37;5;47;107m888888@8XXX[0;1;33;93;5;47;107mX[0;37;5;47;107m8@@88@S@8XX[0;1;33;93;5;47;107m@[0;37;5;47;107m8XXSX@X8[0;36;5;40;100mt[0;1;30;90;46m8[0;37;46m@[0;1;30;90;46m8[0;37;46m8[0;1;34;94;46m8[0;37;46m8[0;1;34;94;46m8[0;1;30;90;46m888[0;36;44m8[0;36;5;40;100m8[0;34;46m8[0;1;30;90;46m88888[0;37;46mX@[0;1;34;94;46m8[0;1;30;90;46m8[0;37;46m8[0;36;5;40;100mt[0;34;5;40;100m@[0;31;40mS[0;1;30;90;40m8[0m
[0;1;30;90;40m@@@@@X@@@X@@@@@@@@@@[0;34;5;40;100m@[0;1;30;90;46m@88[0;1;34;94;46m8[0;37;46m8[0;1;30;90;46m8[0;1;30;90;47mX[0;37;5;47;107m%S88@X@X@XX[0;1;33;93;5;47;107m8[0;37;5;47;107m88@XXSX[0;1;33;93;5;47;107m@[0;37;5;47;107m88@X[0;1;33;93;5;47;107mX[0;37;5;47;107m8@8X[0;1;33;93;5;47;107mX[0;37;5;47;107m888@XXX[0;1;33;93;5;47;107mX[0;37;5;47;107m8XS[0;1;33;93;5;47;107mX[0;37;5;47;107m88@[0;1;33;93;5;47;107mX[0;37;5;47;107m8@XS[0;1;33;93;5;47;107mX[0;37;5;47;107m8XS@8XXSXSX@X[0;1;30;90;47mt[0;1;30;90;46m8[0;1;34;94;46m8[0;37;46m8[0;1;30;90;46m8[0;37;46m@[0;1;30;90;46m8[0;37;46m8[0;1;30;90;46m8[0;1;34;94;46m8[0;37;46m8[0;1;30;90;46m8[0;1;30;90;44m@[0;1;30;90;40m8[0;30;44m8[0;34;5;40;100m8X[0;1;37;97;47m;[0;1;30;90;47mX[0;36;44m@[0;36;5;40;100mX[0;35;5;40;100m [0;1;37;97;47m [0;36;5;40;100mS[0;35;5;40;100m;;[0;32;40mS[0;1;30;90;40m8[0m
[0;1;30;90;40m@@@X@@@@@@@@@@@@@@@[0;32;40m%[0;36;5;40;100m8[0;1;30;90;46m@8[0;37;46m@[0;1;30;90;46m88[0;1;30;90;47m8[0;37;5;47;107m8S88XXXXXXX888@XXS[0;1;33;93;5;47;107m@[0;37;5;47;107m888XX88XXX@8@@XX[0;1;33;93;5;47;107mX[0;37;5;47;107m8@8XX@8@X88XX[0;1;33;93;5;47;107mX[0;37;5;47;107m88@X[0;1;33;93;5;47;107m@[0;37;5;47;107m8XX[0;1;33;93;5;47;107m@[0;37;5;47;107m8@XXXX8[0;1;30;90;47m8[0;1;30;90;46m88[0;1;34;94;46m8[0;37;46m@[0;1;34;94;46m8[0;1;30;90;46m8[0;37;46m8[0;1;30;90;46m888[0;1;30;90;44m@[0;1;30;90;40m88X8[0;35;5;40;100m %[0;1;30;90;40m@[0;34;40m8[0;30;5;40;100m8[0;34;5;40;100m8[0;30;5;40;100m@[0;1;30;90;40mXX8@[0m
[0;1;30;90;40m@@@@@@@@@@@@@@@@@@@[0;34;40m@[0;1;30;90;46m88[0;34;46mX[0;1;30;90;46m8[0;1;34;94;46m8[0;1;30;90;46m8[0;1;37;97;47mS[0;37;5;47;107mt8@SXXXXXS[0;1;33;93;5;47;107m8[0;37;5;47;107m8@X@X[0;1;33;93;5;47;107m@[0;37;5;47;107m88@XXX[0;1;33;93;5;47;107mX[0;37;5;47;107m8XX[0;1;33;93;5;47;107mX[0;37;5;47;107m8@@XX[0;1;33;93;5;47;107mX[0;37;5;47;107m88XXX[0;1;33;93;5;47;107mX[0;37;5;47;107m8@XX[0;1;33;93;5;47;107mS[0;37;5;47;107m8XXX8X@X@8@X@8@[0;1;33;93;5;47;107m@[0;37;5;47;107m8@XXS[0;1;37;97;47m:[0;36;5;40;100mt[0;1;30;90;46m8[0;37;46m@[0;1;30;90;46m8[0;37;46m@[0;1;34;94;46m8[0;1;30;90;46m8[0;1;34;94;46m8[0;1;30;90;46m888[0;34;40m8[0;1;30;90;40m8@8@@88X[0;31;40m%[0;1;30;90;40m8@@@@[0m
[0;1;30;90;40m@@@@@@@X@@@@@@@@X@@[0;30;5;40;100m@[0;1;30;90;46mS8888[0;1;30;90;47m8[0;37;5;47;107mt88XXXXXS[0;1;33;93;5;47;107m8[0;37;5;47;107m88@XX[0;1;33;93;5;47;107m@[0;37;5;47;107m88@XSXX@8XS@8X[0;1;33;93;5;47;107mX[0;37;5;47;107m8@@8XXX[0;1;33;93;5;47;107mX[0;37;5;47;107m88@X[0;1;33;93;5;47;107mX[0;37;5;47;107m88XS[0;1;33;93;5;47;107mX[0;37;5;47;107m8XX[0;1;33;93;5;47;107mX[0;37;5;47;107m8@X[0;1;33;93;5;47;107mX[0;37;5;47;107m8XX@8XXXXX8[0;35;5;40;100m [0;1;30;90;46m88[0;1;34;94;46m8[0;37;46m8[0;1;30;90;46m8[0;37;46m@[0;1;30;90;46m8[0;36;5;40;100m@[0;36;44m8[0;36;5;40;100m88[0;31;40m;[0;1;30;90;40m8@@X@@88@@@@@[0m
[0;1;30;90;40m@@@@@X@@@@@X@@X@@@S[0;34;5;40;100m@[0;1;30;90;46m%[0;1;30;90;44m8[0;1;30;90;46m8[0;1;34;94;46m8[0;36;5;40;100m;[0;1;37;97;47mX[0;37;5;47;107mX8@XXXXX@8XXXS88@XXS[0;1;33;93;5;47;107mX[0;37;5;47;107m8X[0;1;33;93;5;47;107mX[0;37;5;47;107m8X[0;1;33;93;5;47;107mX[0;37;5;47;107m8@@8@[0;1;33;93;5;47;107mX[0;37;5;47;107m8XX[0;1;33;93;5;47;107mX[0;37;5;47;107m88XXX@8XXX@8XX@8X[0;1;33;93;5;47;107mS[0;37;5;47;107m88XS[0;1;33;93;5;47;107mX[0;37;5;47;107m8@X[0;1;33;93;5;47;107m@[0;37;5;47;107m8XS%[0;1;37;97;47m [0;36;5;40;100mS[0;1;30;90;46m8[0;37;46m@[0;1;30;90;46m888[0;34;46m8[0;36;5;40;100mX8[0;1;30;90;44mX[0;1;30;90;46mX[0;34;40mX[0;1;30;90;40m8@@@@@@@@@@@@[0m
[0;1;30;90;40m@@@X@@@@@@@@@@@@@@X[0;34;5;40;100mS[0;36;5;40;100m8[0;1;30;90;46m%[0;36;5;40;100m8[0;1;30;90;46m8[0;35;5;40;100m [0;37;5;47;107mX888@XX@[0;1;33;93;5;47;107m8[0;37;5;47;107m8XXS[0;1;33;93;5;47;107m@[0;37;5;47;107m8XXSX[0;1;33;93;5;47;107mX[0;37;5;47;107m88X@8X88@X[0;1;33;93;5;47;107mX[0;37;5;47;107m888@X@8XXXX[0;1;33;93;5;47;107mX[0;37;5;47;107m8XX[0;1;33;93;5;47;107mS[0;37;5;47;107m8XS[0;1;33;93;5;47;107mX[0;37;5;47;107m8XX@8XXX88@X@8XSXX[0;1;37;97;47mX[0;36;5;40;100m [0;1;30;90;46m8[0;34;46mX[0;1;30;90;46m8[0;34;46m8[0;36;5;40;100mS[0;1;30;90;46m8[0;36;44m8[0;36;5;40;100m8[0;1;30;90;46m@[0;36;5;40;100m8[0;1;30;90;40m8@@@@@@@@@X@@@[0m
[0;1;30;90;40m@@@@@@@@XS@@@@@@@X[0;37;5;40;100m@[0;1;37;97;47mS[0;36;5;40;100m8[0;1;30;90;44m8[0;1;30;90;46mX[0;1;30;90;44m@[0;1;30;90;47mS[0;1;37;97;47mt%[0;37;5;47;107m8888@@8XSX@8XS[0;1;33;93;5;47;107m@[0;37;5;47;107m8@8XXXSX[0;1;33;93;5;47;107mX[0;37;5;47;107m8@@888@@[0;1;33;93;5;47;107mS[0;37;5;47;107m8@XX[0;1;33;93;5;47;107mS[0;37;5;47;107m888XX@@X[0;1;33;93;5;47;107mX[0;37;5;47;107m88@[0;1;33;93;5;47;107mS[0;37;5;47;107m8XX[0;1;33;93;5;47;107mS[0;37;5;47;107m8X[0;1;33;93;5;47;107mX[0;37;5;47;107m8@[0;1;33;93;5;47;107mX[0;37;5;47;107m8XX[0;1;33;93;5;47;107m@[0;37;5;47;107m8@8[0;35;5;40;100m.[0;1;30;90;46m8[0;36;5;40;100m8[0;34;46m8[0;36;5;40;100m%[0;34;46m8[0;36;5;40;100mX8[0;1;30;90;44mX[0;1;30;90;46m@S[0;30;44m8[0;32;40mS[0;1;30;90;40m8@@@@@X@@@@@[0m
[0;1;30;90;40m@@@@@@@X[0;37;5;40;100m8[0;1;30;90;47m.[0;35;5;40;100m [0;1;30;90;40m8XX@@X[0;36;5;40;100m [0;37;5;47;107mX%[0;1;37;97;47m.[0;34;5;40;100mS[0;36;5;40;100m8[0;34;5;40;100mS[0;1;30;90;47m8[0;1;37;97;47mS%%X[0;37;5;47;107m88[0;1;33;93;5;47;107m8[0;37;5;47;107m88@[0;1;33;93;5;47;107m@[0;37;5;47;107m8XXX@8XXXX[0;1;33;93;5;47;107mX[0;37;5;47;107m8X88@X[0;1;33;93;5;47;107mX[0;37;5;47;107m8@X[0;1;33;93;5;47;107mX[0;37;5;47;107m888[0;1;33;93;5;47;107mS[0;37;5;47;107m8@8X@X[0;1;33;93;5;47;107mX[0;37;5;47;107m8@[0;1;33;93;5;47;107mS[0;37;5;47;107m888@@8X[0;1;33;93;5;47;107mS[0;37;5;47;107m88X88@@8X@8888[0;1;33;93;47mS[0;1;37;97;47mt[0;1;30;90;47m%[0;34;5;40;100m8[0;36;5;40;100m8[0;1;30;90;46m8[0;36;5;40;100m8[0;36;44m8[0;36;5;40;100m8[0;1;30;90;46mX[0;34;5;40;100m8[0;37;5;40;100m@[0;1;37;97;47mt[0;35;5;40;100mS[0;32;40m%[0;1;30;90;40m8@@@@@@@@@@[0m
[0;1;30;90;40m@@@@@X@X[0;1;30;90;47m%[0;37;5;47;107mtX[0;1;37;97;47m%[0;37;5;40;100m@[0;1;30;90;47mt[0;1;37;97;47mSS[0;1;30;90;47m8[0;1;37;97;47m;[0;37;5;47;107m88[0;1;37;97;47mX[0;1;30;90;47m@[0;1;30;90;44m8[0;32;46m8[0;37;5;40;100m@[0;1;37;97;47mt%SS[0;1;33;93;47mS[0;1;37;97;47mt[0;37;5;47;107m8[0;1;37;97;47m;[0;37;5;47;107m88888[0;1;33;93;5;47;107m8[0;37;5;47;107m88XX[0;1;33;93;5;47;107mX[0;37;5;47;107m8@8X[0;1;33;93;5;47;107mX[0;37;5;47;107m8@@88@X888@@8XX[0;1;33;93;5;47;107mS[0;37;5;47;107m8@88@888@XX[0;1;33;93;5;47;107mS[0;37;5;47;107m8@8@XX[0;1;33;93;5;47;107mX[0;37;5;47;107m88@8[0;1;33;93;5;47;107m@[0;37;5;47;107m8888[0;1;33;93;47mS[0;1;30;90;47mS[0;37;5;47;107mt:[0;1;30;90;47m.[0;34;5;40;100m88[0;36;5;40;100m%.SS[0;1;30;90;47m.[0;37;5;47;107mX%[0;1;30;90;47m@[0;1;30;90;40mX@@@@@@@@@X@[0m
[0;1;30;90;40m@@@X@@X[0;30;5;40;100m@[0;37;5;40;100mX[0;37;5;47;107m88[0;1;37;97;47m8[0;1;30;90;47m:;[0;37;5;47;107m88[0;1;37;97;47mt[0;1;30;90;47m8:[0;1;37;97;47m::[0;1;30;90;47mX[0;33;5;40;100m [0;36;5;40;100mt[0;35;5;40;100mt[0;1;37;97;47mttt%[0;37;5;47;107m8[0;1;37;97;47m.t[0;37;5;47;107m8[0;1;33;93;47mS[0;37;5;47;107m8[0;1;37;97;47m.[0;37;5;47;107m8[0;1;37;97;47m:[0;37;5;47;107m888[0;1;33;93;5;47;107m8[0;37;5;47;107m888XX@8@X[0;1;33;93;5;47;107mX[0;37;5;47;107m8@[0;1;33;93;5;47;107mS[0;37;5;47;107m8XXS[0;1;33;93;5;47;107mS[0;37;5;47;107m8X[0;1;33;93;5;47;107mS[0;37;5;47;107m88X[0;1;33;93;5;47;107mS[0;37;5;47;107m8@[0;1;33;93;5;47;107mS[0;37;5;47;107m8@@[0;1;33;93;5;47;107mS[0;37;5;47;107m888X@@[0;1;33;93;5;47;107mS[0;37;5;47;107m88888[0;1;33;93;5;47;107m8[0;37;5;47;107m88[0;1;37;97;47m [0;37;5;47;107m8[0;1;33;93;47mX[0;37;5;47;107m8[0;1;30;90;47m8S[0;37;5;47;107m8%[0;1;37;97;47m8[0;1;30;90;47mX[0;1;37;97;47m [0;37;5;47;107mS%[0;1;30;90;47m% [0;1;37;97;47m8[0;37;5;47;107m88[0;1;30;90;47m:[0;1;30;90;40m@X@@X@XS@@@@[0m
[0;1;30;90;40m@@8@X8[0;1;30;90;47mX[0;1;37;97;47m8[0;1;30;90;47m:[0;1;37;97;47m ;:t[0;37;5;47;107m88@X[0;1;37;97;47m8%..t[0;37;5;47;107m8[0;1;37;97;47m%[0;1;30;90;47m%S[0;1;37;97;47m t;:tt;[0;37;5;47;107m8[0;1;37;97;47m [0;37;5;47;107m8[0;1;33;93;47mX[0;37;5;47;107m8[0;1;37;97;47m [0;37;5;47;107m8[0;1;37;97;47m.[0;37;5;47;107m8888[0;1;33;93;5;47;107m8[0;37;5;47;107m888[0;1;33;93;5;47;107mX[0;37;5;47;107m88888@[0;1;33;93;5;47;107mS[0;37;5;47;107m888X@8@X@88888[0;1;33;93;5;47;107mS[0;37;5;47;107m888@8[0;1;33;93;5;47;107mX[0;37;5;47;107m8888888[0;1;37;97;47m [0;37;5;47;107m8[0;1;37;97;47m [0;37;5;47;107m8[0;1;37;97;47m [0;37;5;47;107m8[0;1;37;97;47m  [0;33;47m8[0;35;47m8[0;1;37;97;47mt88[0;1;30;90;47m.%[0;37;5;47;107m@8[0;1;30;90;47m%:[0;1;37;97;47m88[0;37;5;47;107m8[0;1;30;90;47m;X8[0;30;5;40;100mX[0;1;30;90;40mX8[0;35;5;40;100m;[0;1;30;90;47m@8[0;1;30;90;40mX@@@[0m
[0;1;30;90;40m@[0;30;5;40;100m8[0;1;37;97;47m.8[0;1;30;90;47m [0;37;5;40;100m8[0;1;37;97;47m.[0;37;5;47;107mXXX88888@@X8888@@[0;1;37;97;47m8S[0;1;33;93;47mX[0;1;30;90;47m8[0;1;37;97;47m.;;;:.[0;37;5;47;107m8[0;1;33;93;47mS[0;1;37;97;47m [0;37;5;47;107m8[0;1;37;97;47m [0;37;5;47;107m8[0;1;33;93;47m%[0;37;5;47;107m8[0;1;37;97;47m [0;37;5;47;107m8[0;1;37;97;47m [0;37;5;47;107m88888888888888[0;1;33;93;5;47;107mX[0;37;5;47;107m888[0;1;33;93;5;47;107mX[0;37;5;47;107m888[0;1;33;93;5;47;107m@[0;37;5;47;107m8888888[0;1;33;93;5;47;107m8[0;37;5;47;107m888[0;1;37;97;47m [0;37;5;47;107m8[0;1;33;93;47mS[0;1;37;97;47m  [0;1;33;93;5;47;107m8[0;1;37;97;47m [0;37;5;47;107m8[0;1;37;97;47m  [0;37;5;47;107m8[0;1;33;93;47m8[0;1;35;95;47mX[0;1;37;97;47m.[0;37;5;47;107m8[0;1;37;97;47m%..tS[0;37;5;47;107m@@X@[0;1;37;97;47mS ::[0;1;30;90;47m.[0;1;37;97;47mS[0;37;5;47;107m8[0;1;37;97;47m.[0;37;5;40;100mX[0;1;37;97;47m:[0;37;5;47;107m8X[0;37;5;40;100mS[0;1;30;90;40mX@@@[0m
[0;1;30;90;40m@X[0;35;5;40;100m:[0;1;37;97;47m8[0;37;5;47;107m8[0;1;30;90;47m;[0;1;37;97;47mX[0;37;5;47;107m@8888888888888888[0;1;37;97;47m8t: [0;33;47m8[0;1;37;97;47m ;;;[0;1;33;93;47m%[0;1;37;97;47m [0;37;5;47;107m8[0;1;37;97;47m  [0;37;5;47;107m8[0;1;33;93;47mS[0;37;5;47;107m8[0;1;37;97;47m [0;37;5;47;107m8[0;1;33;93;47mX[0;37;5;47;107m8[0;1;37;97;47m  [0;1;33;93;47m%[0;37;5;47;107m8[0;1;33;93;47mS[0;1;37;97;47m [0;37;5;47;107m8[0;1;33;93;47mS[0;37;5;47;107m8[0;1;33;93;47m%[0;37;5;47;107m8[0;1;37;97;47m [0;1;33;93;5;47;107m8[0;37;5;47;107m8[0;1;37;97;47m [0;37;5;47;107m88[0;1;37;97;47m [0;37;5;47;107m88888[0;1;37;97;47m [0;37;5;47;107m8[0;1;33;93;47m%[0;37;5;47;107m8[0;1;37;97;47m [0;37;5;47;107m8[0;1;37;97;47m [0;37;5;47;107m8[0;1;37;97;47m  [0;37;5;47;107m8[0;1;33;93;47mS[0;1;37;97;47m [0;37;5;47;107m8[0;1;37;97;47m [0;37;5;47;107m8[0;1;37;97;47m   [0;37;5;47;107m8[0;1;33;93;47mS[0;1;35;95;47mX[0;33;47m8[0;37;5;47;107m888888@@8@@XX@8@@@@[0;1;37;97;47mt[0;1;30;90;47mX[0;1;37;97;47m@8:[0;30;5;40;100m8[0;1;30;90;40mX@@@[0m
[0;1;30;90;40m@XX[0;36;5;40;100m [0;1;30;90;47m.[0;1;37;97;47m [0;37;5;47;107m8888@@8[0;1;37;97;47m8[0;37;5;47;107m888888888[0;1;37;97;47m8@St:[0;33;47mXS[0;1;37;97;47m [0;37;5;47;107m8[0;1;37;97;47m [0;37;5;47;107m8[0;1;37;97;47m  [0;37;5;47;107m8[0;1;37;97;47m    [0;37;5;47;107m8[0;1;33;93;47mS[0;1;37;97;47m. [0;37;5;47;107m8[0;1;37;97;47m [0;37;5;47;107m8[0;1;37;97;47m [0;37;5;47;107m8[0;1;37;97;47m [0;37;5;47;107m8[0;1;37;97;47m [0;37;5;47;107m8[0;1;37;97;47m [0;37;5;47;107m8[0;1;37;97;47m  [0;37;5;47;107m8[0;1;37;97;47m [0;37;5;47;107m8[0;1;33;93;47mX[0;37;5;47;107m8[0;1;37;97;47m  [0;1;37;97;5;43;103m8[0;1;37;97;47m  [0;37;5;47;107m8[0;1;33;93;47m%[0;37;5;47;107m8[0;1;37;97;47m [0;37;5;47;107m8[0;37;5;43;103m8[0;37;5;47;107m8[0;1;37;97;47m [0;37;5;47;107m8[0;1;33;93;47m%[0;1;37;97;47m [0;37;5;47;107m8[0;1;37;97;47m  [0;37;5;47;107m8[0;1;33;93;47mS[0;1;37;97;47m [0;37;5;47;107m8[0;1;37;97;47m  [0;1;33;93;47mS[0;1;30;90;47m8[0;37;5;47;107m88888@XX@8@X@XXX@XX@@[0;1;37;97;47m;[0;1;30;90;47m;[0;1;37;97;47m:[0;35;5;40;100m;[0;1;30;90;40mS@@@@[0m
[0;1;30;90;40m@@@[0;30;5;40;100m@[0;1;37;97;47mS[0;37;5;47;107mX88[0;1;37;97;47m8[0;1;33;93;47m@[0;1;30;90;47m@[0;33;47m88[0;37;43m88[0;1;30;90;43m8[0;33;47m88[0;1;33;93;47mS[0;1;37;97;47mS[0;37;5;47;107m88[0;1;37;97;47m8[0;1;33;93;47mS[0;37;5;47;107m8[0;1;37;97;47mtS%[0;37;5;47;107m8[0;33;47m@[0;1;30;90;47m8[0;1;37;97;47m   [0;37;5;47;107m8[0;1;37;97;47m   [0;37;5;47;107m8[0;1;37;97;47m [0;37;5;47;107m8[0;1;33;93;47m%[0;1;37;97;47m:[0;37;5;47;107m8[0;1;37;97;47m  [0;37;5;47;107m8[0;1;33;93;47mX[0;1;37;97;47m  [0;37;5;47;107m8[0;1;33;93;47mS[0;1;37;97;47m  [0;37;5;47;107m8[0;1;33;93;47mX[0;37;5;47;107m8[0;1;37;97;47m  [0;37;5;47;107m8[0;1;33;93;47mS[0;1;37;97;47m [0;37;5;47;107m8[0;1;37;97;47m [0;37;5;47;107m8[0;1;37;97;47m [0;37;5;47;107m8[0;1;37;97;47m  [0;37;5;47;107m8[0;1;37;97;47m   [0;37;5;47;107m8[0;1;37;97;47m   [0;37;5;47;107m8[0;1;37;97;47m  [0;37;5;47;107m8[0;1;33;93;47m%[0;1;37;97;47m  [0;37;5;47;107m8[0;1;37;97;47m [0;37;5;47;107m8[0;37;5;41;101m8[0;1;30;90;47m@[0;1;37;97;47m::[0;37;5;47;107m888@XX@@@XXXXX@X@XXX@8[0;1;37;97;47mS[0;33;5;40;100m.[0;1;30;90;40m@@@@@[0m
[0;1;30;90;40m@@@8[0;1;37;97;47mt[0;37;5;47;107mX8@[0;33;47m8[0;1;30;90;47m8[0;33;47m@[0;1;30;90;47m8[0;33;47mX[0;1;30;90;47m88[0;1;37;97;47m [0;33;47m@[0;1;30;90;47m88[0;37;43m8[0;1;37;97;47m.[0;37;5;47;107m88[0;1;37;97;47m%%[0;1;33;93;47mS[0;37;5;47;107m8[0;1;37;97;47m::.[0;31;43m8[0;35;5;40;100m.[0;1;37;97;47m.[0;37;5;47;107m8[0;1;33;93;47mS[0;1;37;97;47m [0;37;5;47;107m8[0;1;37;97;47m  [0;37;5;47;107m8[0;1;33;93;47mS[0;1;37;97;47m:  [0;37;5;47;107m8[0;1;37;97;47m   [0;37;5;47;107m8[0;1;37;97;47m  [0;37;5;47;107m8[0;1;37;97;47m     [0;37;5;47;107m8[0;1;37;97;47m  [0;37;5;47;107m8[0;1;37;97;47m  [0;37;5;47;107m8[0;1;33;93;47m%[0;1;37;97;47m  [0;37;5;47;107m8[0;1;37;97;47m  [0;37;5;47;107m8[0;1;37;97;47m [0;37;5;47;107m8[0;1;37;97;47m  [0;37;5;47;107m8[0;1;37;97;47m  [0;37;5;47;107m8[0;1;33;93;47m%[0;1;37;97;47m  [0;37;5;47;107m8[0;1;37;97;47m    [0;1;30;90;47m8[0;1;37;97;47m.[0;37;5;47;107m8[0;1;37;97;47m;[0;37;5;47;107m88[0;1;33;93;5;47;107m8[0;37;5;47;107m88@[0;1;33;93;5;47;107m8[0;37;5;47;107m88[0;1;33;93;47mX[0;1;37;97;47m.[0;1;33;93;47mX[0;1;37;97;47m.[0;37;5;47;107m88XX@X@@8S[0;1;30;90;47mX[0;31;40m@[0;1;30;90;40m8@@@[0m
[0;1;30;90;40m@@@X[0;37;5;40;100m8[0;37;5;47;107mX88[0;33;47m8[0;1;30;90;47m8[0;33;47mXS[0;35;47mS[0;1;33;93;47mX[0;35;47mX[0;33;47m8[0;35;47mX[0;33;47m@X[0;1;30;90;47m8[0;37;43m8[0;33;47m8[0;1;37;97;47m %[0;37;5;47;107m8[0;1;37;97;47m;%[0;37;5;47;107m8[0;1;37;97;47m;[0;37;5;47;107m8[0;1;30;90;47m8[0;35;5;40;100mS[0;33;5;40;100mt[0;35;5;40;100m [0;1;37;97;47m   [0;37;5;47;107m8[0;1;33;93;47mS[0;1;37;97;47m [0;37;5;47;107m8[0;1;37;97;47m [0;37;5;47;107m8[0;1;37;97;47m  [0;37;5;47;107m8[0;1;37;97;47m [0;37;5;47;107m8[0;1;37;97;47m  [0;37;5;47;107m8[0;1;37;97;47m [0;37;5;47;107m8[0;1;37;97;47m [0;37;5;47;107m8[0;1;37;97;47m [0;37;5;47;107m8[0;1;33;93;47mS[0;37;5;47;107m8[0;1;37;97;47m  [0;37;5;47;107m8[0;1;37;97;47m   [0;37;5;47;107m8[0;1;37;97;47m   [0;37;5;47;107m8[0;1;33;93;47mX[0;1;37;97;47m   [0;37;5;47;107m8[0;1;33;93;47mS[0;1;37;97;47m   [0;37;5;47;107m8[0;1;37;97;47m   [0;37;5;47;107m8[0;1;37;97;47m [0;37;5;47;107m8[0;37;5;41;101m8[0;1;30;90;47m%[0;1;37;97;47m%t[0;37;5;47;107m8[0;1;33;93;47m@[0;1;37;97;47m [0;37;5;47;107m888[0;1;33;93;47mX[0;1;30;90;47m8[0;33;47m88[0;1;30;90;47m8[0;33;47m8[0;1;30;90;47m8[0;33;47m888[0;1;33;93;47m8[0;1;37;97;47m;[0;37;5;47;107mX@[0;1;33;93;5;47;107m8[0;37;5;47;107m8@X[0;1;30;90;43m8[0;30;5;40;100m8[0;1;30;90;40m@@X@[0m
[0;1;30;90;40m@@@@[0;31;40m@[0;1;30;90;47m@[0;37;5;47;107m88[0;33;47m@[0;1;30;90;47m8[0;33;47mX[0;1;31;91;47mS[0;33;47mX[0;1;30;90;47m8[0;33;47m8[0;1;30;90;47m8[0;33;47m8[0;35;47m8[0;33;47m8[0;1;30;90;45m8[0;33;47m8[0;35;5;40;100m:[0;37;43m8[0;1;37;97;47m t[0;37;5;47;107m8[0;1;33;93;47mS[0;1;37;97;47m:;:.[0;33;5;40;100mt[0;36;5;40;100mS;[0;35;5;40;100m% [0;1;30;90;47m8[0;33;47mS[0;1;37;97;47m.[0;37;5;47;107m8[0;1;37;97;47m      [0;37;5;47;107m8[0;1;33;93;47mS[0;1;37;97;47m [0;37;5;47;107m8[0;1;33;93;47mS[0;1;37;97;47m  [0;37;5;47;107m8[0;1;33;93;47mS[0;1;37;97;47m    [0;37;5;47;107m8[0;1;37;97;47m   [0;37;5;47;107m8[0;1;37;97;47m   [0;37;5;47;107m8[0;1;33;93;47mS[0;1;37;97;47m [0;37;5;47;107m8[0;1;37;97;47m [0;37;5;47;107m8[0;1;37;97;47m   [0;37;5;47;107m8[0;1;37;97;47m [0;37;5;47;107m8[0;1;33;93;47m%[0;1;37;97;47m [0;37;5;47;107m8[0;1;37;97;47m [0;1;33;93;47m%[0;1;31;91;47m8[0;35;5;40;100m [0;33;5;40;100mt[0;1;37;97;47m S%:[0;37;5;47;107m8[0;1;37;97;47m .[0;1;33;93;47m8[0;31;45m8[0;33;47m8[0;1;30;90;47m88[0;1;31;91;47m@[0;1;30;90;47m8[0;33;47mXS[0;1;31;91;47mX[0;1;30;90;47m8[0;33;47mX[0;35;47m@[0;33;47m8[0;1;37;97;47m%[0;37;5;47;107m88@X[0;1;37;97;47mX[0;31;5;40;100m8[0;1;30;90;40mX@@@@[0m
[0;1;30;90;40m@@@@8[0;31;40m@[0;1;30;90;47m:[0;37;5;47;107m8[0;1;37;97;47m [0;1;30;90;43m8[0;35;47mX[0;1;30;90;47m8[0;33;47m8[0;35;47m8[0;1;30;90;43m8[0;35;47m8[0;1;30;90;43m8[0;1;30;90;47m8[0;1;30;90;43m8[0;1;30;90;47m8[0;33;5;40;100m.[0;1;30;90;47m8[0;33;5;40;100m;[0;1;33;93;47mS[0;1;37;97;47m [0;37;5;47;107m8[0;1;37;97;47m.[0;37;5;47;107m8[0;1;37;97;47m:[0;37;5;47;107m8[0;1;37;97;47m.[0;33;5;40;100m [0;36;5;40;100m88[0;1;30;90;46mX[0;36;5;40;100mX[0;35;5;40;100mX%;[0;1;30;90;47m8[0;1;37;97;47m [0;37;5;47;107m8[0;1;37;97;47m [0;37;5;47;107m8[0;1;37;97;47m   [0;37;5;47;107m8[0;1;37;97;47m  [0;37;5;47;107m8[0;1;37;97;47m   [0;37;5;47;107m8[0;1;37;97;47m [0;37;5;47;107m8[0;1;37;97;47m [0;37;5;47;107m8[0;1;33;93;47mS[0;1;37;97;47m [0;37;5;47;107m8[0;1;37;97;47m  [0;37;5;47;107m8[0;1;37;97;47m   [0;37;5;47;107m8[0;1;37;97;47m    [0;37;5;47;107m8[0;1;37;97;47m [0;37;5;47;107m8[0;1;37;97;47m   [0;37;5;47;107m8[0;1;37;97;47m  [0;37;5;41;101m8[0;35;5;40;100mS[0;36;5;40;100mS@[0;34;5;40;100m@[0;1;30;90;47m;[0;1;37;97;47mXS;.[0;37;5;47;107m8[0;1;33;93;47m@[0;31;45m8[0;1;30;90;47m@[0;33;5;40;100mt[0;37;5;40;100m;[0;33;47m8[0;37;5;40;100m;[0;33;47m8[0;35;47m8[0;33;47m8[0;1;30;90;47m8[0;33;47m@[0;1;30;90;47m8[0;33;47m@@X[0;37;5;47;107m8@@@[0;37;43m@[0;31;40m@[0;1;30;90;40m8@@@@[0m
[0;1;30;90;40m@@@@@@[0;31;40m8[0;1;30;90;47m@[0;1;37;97;47m%[0;1;30;90;47mX[0;1;30;90;43m8[0;37;5;40;100m;[0;33;5;40;100m [0;33;47m8[0;37;5;40;100mt[0;1;30;90;47m8[0;33;5;40;100m [0;1;30;90;47m8[0;35;5;40;100m.[0;33;47m8[0;35;5;40;100m.[0;33;47m8[0;1;30;90;45m8[0;1;30;90;47m8[0;1;37;97;47m::[0;37;5;47;107m8[0;1;33;93;47mS[0;37;5;47;107m8[0;1;33;93;47mS[0;1;37;97;47m [0;35;5;40;100m.[0;36;5;40;100m8[0;1;30;90;44mS[0;1;30;90;46m@[0;34;5;40;100m8[0;1;30;90;46m:[0;36;5;40;100m88[0;35;5;40;100mSt[0;33;5;40;100m:[0;1;30;90;47m8[0;1;31;91;47m@[0;1;37;97;47m.[0;37;5;47;107m8[0;1;37;97;47m  [0;37;5;47;107m8[0;1;37;97;47m  [0;37;5;47;107m8[0;1;37;97;47m [0;37;5;47;107m8[0;1;33;93;47mS[0;1;37;97;47m    [0;37;5;47;107m8[0;1;37;97;47m  [0;37;5;47;107m8[0;1;33;93;47mS[0;1;37;97;47m [0;37;5;47;107m8[0;1;37;97;47m [0;37;5;47;107m8[0;1;33;93;47m%[0;1;37;97;47m [0;37;5;47;107m8[0;1;37;97;47m [0;37;5;47;107m8[0;1;33;93;47mX[0;1;37;97;47m  [0;37;5;47;107m8[0;1;33;93;47mX[0;1;31;91;47m8[0;35;47m8[0;33;5;40;100m%[0;35;5;40;100mS[0;36;5;40;100m@8[0;34;5;40;100m8[0;1;30;90;46mS[0;36;5;40;100m8[0;33;5;40;100m [0;1;37;97;47mXt%;[0;1;33;93;47m%[0;35;5;40;100m;[0;33;5;40;100m.[0;1;30;90;43m8[0;1;30;90;47m8[0;33;5;40;100m [0;1;30;90;47m8[0;33;5;40;100m.[0;1;30;90;47m8[0;1;30;90;43m8[0;35;47m8[0;1;30;90;43m8[0;35;47m8[0;33;47m8[0;35;47m8[0;1;30;90;43m8[0;35;47mX[0;37;5;47;107m888[0;1;33;93;47m@[0;31;5;40;100m@[0;1;30;90;40mX@@@@@[0m
[0;1;30;90;40m@@@@@@8[0;31;40m@[0;33;5;40;100m8[0;1;30;90;47m8[0;1;37;97;47m [0;1;30;90;47m8[0;33;5;40;100m.[0;1;30;90;47m8[0;1;30;90;43m8[0;35;47m8[0;1;30;90;43m8[0;1;30;90;47m8[0;1;30;90;43m8[0;37;45m8[0;1;30;90;43m8[0;1;30;90;47m8[0;1;30;90;43m8[0;1;37;97;47m .[0;37;5;47;107m8[0;1;37;97;47m [0;37;5;47;107m8[0;1;37;97;47m [0;37;5;47;107m8[0;1;30;90;43m8[0;30;5;40;100mS[0;30;44m8[0;32;5;40;100mX[0;30;44m8[0;32;5;40;100mX[0;34;40m8[0;30;5;40;100m8[0;34;40m8[0;30;5;40;100m@[0;1;30;90;40m8[0;30;5;40;100m8[0;30;41m8[0;30;5;40;100m8[0;1;30;90;41mSS[0;33;5;40;100mt[0;33;47m8[0;1;31;91;47m8[0;1;37;97;47m     [0;37;5;47;107m8[0;1;37;97;47m [0;37;5;47;107m8[0;1;37;97;47m [0;37;5;47;107m8[0;1;37;97;47m [0;37;5;47;107m8[0;1;33;93;47m%[0;1;37;97;47m [0;37;5;47;107m8[0;1;37;97;47m  [0;37;5;47;107m8[0;1;33;93;47mS[0;37;5;47;107m8[0;1;37;97;47m  [0;1;33;93;47m%[0;1;31;91;47m8[0;35;47m8[0;1;30;90;47m8[0;35;5;40;100mS[0;31;5;40;100m@[0;35;5;40;100mX[0;36;5;40;100m@XX8[0;1;30;90;44m8[0;1;30;90;46m%S[0;34;5;40;100m@[0;36;5;40;100m8t[0;1;30;90;47m%[0;1;37;97;47m%%t [0;1;30;90;43m8[0;1;30;90;47m88[0;33;5;40;100m:[0;33;47m8[0;35;5;40;100m:[0;33;47m8[0;1;30;90;45m8[0;33;47m8[0;33;5;40;100m [0;1;30;90;47m8[0;1;30;90;43m8[0;37;5;40;100mt[0;33;5;40;100m.[0;35;5;40;100m.[0;1;37;97;47m %[0;1;33;93;47m%[0;33;47m8[0;1;30;90;41m8[0;34;40mS[0;1;30;90;40m8@@@@@[0m
[0;1;30;90;40m@@@@@@@@X[0;31;40m8[0;31;5;40;100m8[0;1;30;90;47m8[0;1;37;97;47m [0;1;30;90;47m8[0;35;5;40;100m;[0;1;30;90;43m8[0;35;47m8[0;33;5;40;100mt[0;37;5;40;100m;[0;33;5;40;100m [0;37;5;40;100m:[0;35;5;40;100m;[0;1;30;90;47m@[0;1;37;97;47m:[0;37;5;47;107m8[0;1;33;93;47mS[0;37;5;47;107m8[0;1;37;97;47m [0;1;33;93;47mS[0;35;41m@[0;31;40m8[0;1;30;90;40m88X@X888[0;32;40mX[0;1;30;90;40m8@@X@8[0;30;41m8[0;31;40m8[0;1;30;90;40m8[0;30;41mS[0;1;30;90;41m8[0;33;5;40;100mX[0;1;31;91;47m8[0;1;30;90;47m8[0;1;31;91;47mS[0;1;37;97;47m   [0;1;33;93;47m%[0;1;37;97;47m      [0;1;33;93;47mX[0;1;31;91;47m8[0;35;47m8[0;31;45m8[0;1;30;90;43m8[0;35;41mX[0;1;30;90;41m@[0;31;40m@8[0;1;30;90;40m8[0;31;5;40;100m8[0;34;5;40;100mX[0;36;5;40;100m8[0;1;30;90;44m8[0;36;5;40;100m8[0;1;30;90;44m8[0;1;30;90;46m%[0;36;5;40;100m8[0;1;30;90;44m8[0;1;30;90;46mS[0;36;5;40;100m8[0;1;30;90;44m8[0;1;30;90;40m8[0;33;5;40;100mX[0;1;37;97;47m;St;[0;33;5;40;100m..[0;1;30;90;47m8[0;1;30;90;43m8[0;35;47m8[0;1;30;90;43m8[0;1;30;90;47m8[0;37;43m8[0;35;5;40;100m.[0;1;30;90;47m8[0;33;5;40;100m.[0;1;30;90;47m8[0;33;5;40;100m.:[0;1;37;97;47m [0;37;5;47;107m8[0;1;37;97;47m;[0;1;30;90;43m8[0;35;41mX[0;34;40mS[0;1;30;90;40m88@@@@@[0m
[0;1;30;90;40m@@@@@@X@88X[0;31;40m8[0;31;5;40;100mX[0;33;5;40;100m;[0;1;30;90;47m8@X[0;1;37;97;47m [0;1;33;93;47m%[0;1;37;97;47m  ;[0;37;5;47;107m8[0;1;37;97;47m:  [0;1;31;91;47m8[0;33;5;40;100mS[0;1;30;90;41m8[0;1;30;90;40m888@@@@@@8@@@@@@88888@[0;31;40m8[0;1;30;90;40m8[0;1;30;90;41mS[0;30;5;40;100m8[0;1;30;90;41mtSS8XXXS%S[0;30;41m8[0;30;5;40;100m8[0;30;41m8[0;30;5;40;100m@[0;31;40m@[0;1;30;90;40m8@88@[0;32;40m%[0;34;40mt[0;32;40m%[0;1;30;90;40mX[0;34;40m%[0;1;30;90;40mX[0;34;40m%[0;1;30;90;40m8[0;32;40mS[0;34;40mX[0;1;30;90;40mS[0;32;40mS[0;1;30;90;40m@[0;31;40mX[0;33;5;40;100mt[0;1;37;97;47m [0;37;5;47;107m8[0;1;37;97;47mt:[0;33;47m8[0;1;30;90;45m8[0;1;30;90;47m8[0;1;30;90;43m8[0;35;47m8[0;33;5;40;100m.[0;1;30;90;47m8[0;33;5;40;100m;:.[0;1;30;90;47m8[0;33;47mX[0;1;37;97;47m .[0;33;47m8[0;1;30;90;41m8[0;31;5;40;100m8[0;34;40m%[0;1;30;90;40m88@@@X@@[0m
[0;1;30;90;40m@@@@X@@@@@88@[0;31;40m8[0;31;5;40;100m8[0;31;40m8[0;31;5;40;100m8888[0;33;5;40;100mX[0;1;30;90;41m8888[0;31;40m8[0;1;30;90;40m8[0;31;40m8[0;1;30;90;40m8@@@@@@@@@@@@@@@@@@@@@88XXXX@XXX@@XXX@88@88@@@@8888@8888888@8[0;31;40m8[0;1;30;90;41m8[0;33;5;40;100mX[0;1;37;97;47m :[0;37;5;47;107m8[0;1;37;97;47m%  [0;1;30;90;47mS[0;33;47mS[0;1;30;90;47m8[0;1;37;97;47m   [0;1;33;93;47mS[0;1;30;90;45m8[0;33;5;40;100mt[0;1;30;90;41m@[0;30;41m8[0;1;30;90;40m8@@@@@@@@@@[0m
[0;1;30;90;40m@@@@@@@@@@@@88@8[0;32;40m%[0;1;30;90;40mXX@@@@X[0;32;40mX[0;30;5;40;100m8[0;1;30;90;40m@88@@@@@@X@@@@@@@@@@@@@@@@@@@@@@@@@@@@@@@@@@@@@@@@@@@@@X@@@@@@88X[0;31;40m8[0;1;30;90;41m888[0;33;5;40;100m8t;.[0;35;5;40;100m:[0;33;5;40;100mS[0;1;30;90;41m@8[0;30;41m@[0;30;5;40;100m8[0;1;30;90;41m@[0;1;30;90;40m@888@@@@@@@@@@[0m
